,0
0,1.0336
1,0.7122
2,1.2225
3,1.0068
4,0.6442
5,0.9298
6,0.2883
7,1.8106
8,0.6006
9,1.3427
10,1.3135
11,0.6105
12,1.4508
13,0.2271
14,0.4443
15,0.2727
16,0.353
17,0.5958
18,0.4139
19,0.6996
20,0.9592
21,1.3914
22,1.4012
23,0.8844
24,0.6304
25,1.9995
26,1.9927
27,0.9258
28,2.1807
29,1.3498
30,2.3923
31,0.5618
32,1.2585
33,7.1941
34,0.9121
35,1.4892
36,1.1556
37,1.0972
38,1.557
39,0.9027
40,1.4283
41,0.1608
42,1.3572
43,0.1162
44,1.3601
45,1.5465
46,1.0223
47,0.3319
48,0.9809
49,1.1064
50,0.4485
51,0.2323
52,1.0139
53,0.3068
54,1.2063
55,1.9302
56,1.2571
57,0.3168
58,1.3636
59,1.1847
60,0.2674
61,0.291
62,0.7902
63,0.7298
64,0.6798
65,0.1241
66,0.5028
67,0.4525
68,1.3952
69,0.7944
70,1.4361
71,0.3474
72,1.4993
73,0.7117
74,0.7249
75,0.6005
76,2.355
77,0.7383
78,0.7931
79,0.3631
80,0.3168
81,0.4869
82,0.5007
83,0.4595
84,1.3075
85,1.8006
86,0.5036
87,0.3869
88,0.3461
89,0.2762
90,1.5404
91,1.9149
92,0.1483
93,0.6894
94,0.2063
95,1.9819
96,2.2177
97,1.6826
98,0.43
99,1.0187
100,1.3929
101,1.6844
102,0.6611
103,0.4192
104,1.4465
105,0.9951
106,1.481
107,1.5956
108,1.2475
109,1.2783
110,0.9602
111,0.5128
112,1.1884
113,1.1354
114,0.5338
115,1.3282
116,0.7909
117,1.1494
118,1.7105
119,1.2835
120,2.3353
121,0.2574
122,1.7139
123,1.947
124,0.2566
125,1.9536
126,0.2056
127,0.1885
128,0.2484
129,0.5384
130,0.2681
131,2.1487
132,0.2007
133,0.9117
134,0.5333
135,0.5123
136,0.8432
137,0.3827
138,0.3014
139,0.2984
140,0.7489
141,1.5521
142,0.3346
143,0.1808
144,1.6887
145,0.8325
146,0.5829
147,0.891
148,0.9619
149,1.2978
150,0.6994
151,0.7502
152,0.59
153,2.5858
154,1.0351
155,1.321
156,3.6927
157,0.8076
158,0.283
159,0.7465
160,1.2378
161,0.8339
162,0.6115
163,0.4456
164,1.0274
165,0.2155
166,1.2301
167,0.4437
168,1.3429
169,0.4293
170,0.8807
171,0.6445
172,0.7028
173,0.7026
174,1.1865
175,0.5755
176,0.665
177,0.2595
178,0.2736
179,0.3343
180,0.3194
181,0.3902
182,2.5944
183,0.2964
184,0.3343
185,0.2481
186,0.902
187,0.9925
188,0.2091
189,0.9991
190,1.4217
191,0.2965
192,0.6284
193,0.5549
194,1.5888
195,1.5102
196,0.4459
197,0.502
198,0.7234
199,0.4404
200,0.4989
201,0.3951
202,2.4298
203,1.1854
204,0.7083
205,0.8528
206,0.4592
207,0.4826
208,1.1001
209,1.8135
210,0.7231
211,1.3187
212,0.3736
213,0.3607
214,1.9032
215,0.9016
216,1.5175
217,0.1873
218,1.6123
219,0.2162
220,0.4331
221,1.2085
222,1.2641
223,2.1442
224,0.7401
225,0.6005
226,0.8195
227,0.3772
228,0.5749
229,1.4233
230,0.537
231,0.3485
232,0.4111
233,0.3244
234,0.3915
235,0.9742
236,0.8996
237,0.5764
238,0.5124
239,0.4132
240,1.6621
241,1.3439
242,0.9889
243,0.6476
244,0.552
245,0.3688
246,1.6242
247,3.4636
248,1.6042
249,2.0722
250,0.5794
251,2.0729
252,0.5853
253,0.3004
254,0.5918
255,1.7993
256,1.5231
257,1.6369
258,0.5598
259,0.1326
260,2.0644
261,0.2203
262,1.4245
263,0.5803
264,0.3241
265,3.4157
266,2.4074
267,0.6897
268,1.6152
269,1.3358
270,0.196
271,0.3755
272,2.3554
273,0.2678
274,1.3991
275,0.8137
276,0.4566
277,0.3945
278,0.2159
279,1.7571
280,1.4167
281,1.487
282,1.6168
283,1.0417
284,1.4312
285,0.4184
286,1.0652
287,0.3848
288,0.3941
289,0.6732
290,1.4902
291,0.1342
292,0.4003
293,0.5121
294,0.3049
295,2.6151
296,0.8248
297,0.3935
298,0.4683
299,0.2172
300,0.38
301,0.4752
302,0.9123
303,1.2905
304,1.0491
305,0.5873
306,1.1463
307,1.0585
308,1.22
309,2.0012
310,4.7597
311,1.1162
312,0.2347
313,0.5867
314,5.0083
315,0.9229
316,0.409
317,0.6725
318,0.2451
319,0.7247
320,2.3615
321,0.2398
322,0.7868
323,0.4306
324,1.5319
325,0.465
326,0.6653
327,0.9159
328,1.0771
329,0.3789
330,0.6304
331,0.4948
332,4.6062
333,4.9113
334,0.8735
335,0.2749
336,9.5829
337,1.5374
338,0.1241
339,1.7094
340,1.8191
341,1.6452
342,1.4564
343,0.1737
344,0.2864
345,0.3675
346,1.4182
347,1.9264
348,0.287
349,1.3101
350,2.0546
351,0.3472
352,0.1792
353,3.3157
354,2.0793
355,0.377
356,0.1422
357,0.2793
358,0.2637
359,1.4359
360,1.3947
361,0.4848
362,0.1773
363,0.6953
364,2.1607
365,0.3119
366,1.3618
367,2.0772
368,0.3174
369,1.116
370,1.4191
371,0.8715
372,1.8879
373,0.5208
374,1.2227
375,2.3012
376,0.8887
377,0.1719
378,1.3035
379,1.8268
380,0.1593
381,1.1684
382,0.2793
383,1.2756
384,2.0335
385,0.5074
386,0.5212
387,0.3449
388,1.5295
389,0.7841
390,0.5547
391,1.7259
392,1.384
393,1.1483
394,0.474
395,0.2571
396,0.2622
397,1.1905
398,1.3368
399,0.4392
400,1.733
401,1.2791
402,0.1073
403,0.6787
404,1.3958
405,0.9257
406,0.3922
407,0.9986
408,0.4003
409,1.2452
410,0.2869
411,0.6097
412,0.9749
413,1.9844
414,0.7005
415,0.5797
416,0.2003
417,1.913
418,1.7327
419,0.5863
420,1.2326
421,0.3009
422,0.469
423,1.1501
424,1.6645
425,0.7564
426,1.5011
427,2.6851
428,1.9703
429,1.4699
430,1.4593
431,0.3501
432,0.6133
433,2.0793
434,0.9317
435,0.6482
436,0.2605
437,0.2089
438,2.6411
439,0.2705
440,0.168
441,2.8216
442,0.2814
443,1.4168
444,0.6505
445,0.4458
446,0.725
447,1.0872
448,0.9322
449,1.2768
450,1.4471
451,0.8857
452,0.837
453,0.8951
454,0.9317
455,0.4015
456,1.4632
457,0.3967
458,0.9557
459,3.9277
460,1.5899
461,0.6092
462,1.1708
463,1.2466
464,0.3676
465,1.2558
466,0.7145
467,0.4648
468,0.8827
469,0.7813
470,1.3299
471,2.1526
472,0.7506
473,0.2388
474,0.3165
475,0.3892
476,1.79
477,0.7686
478,0.1937
479,1.4705
480,0.7089
481,1.209
482,0.5384
483,0.566
484,0.6148
485,2.9191
486,0.2007
487,0.8817
488,0.4797
489,1.4104
490,2.4901
491,0.2661
492,0.6332
493,0.8466
494,0.4115
495,1.4864
496,0.5832
497,0.6576
498,0.7676
499,0.196
500,0.3477
501,0.5748
502,0.9994
503,0.3498
504,0.1722
505,0.457
506,0.3105
507,1.0593
508,0.2214
509,0.1611
510,0.5698
511,0.1732
512,0.933
513,0.9822
514,1.2325
515,0.2772
516,1.8303
517,2.0645
518,0.7613
519,0.509
520,0.5335
521,1.1353
522,0.6223
523,0.9318
524,0.9498
525,1.0229
526,0.2324
527,1.0301
528,1.202
529,0.64
530,0.6787
531,0.647
532,0.6508
533,0.502
534,2.2098
535,0.2144
536,1.5083
537,1.965
538,0.2301
539,0.6534
540,1.173
541,1.9545
542,3.6184
543,1.3991
544,0.1512
545,1.4195
546,1.3557
547,0.3757
548,0.346
549,0.3708
550,0.5632
551,1.1982
552,0.3407
553,3.3884
554,0.4642
555,0.4697
556,0.7405
557,0.5486
558,0.4302
559,0.4285
560,1.5945
561,0.6469
562,0.6756
563,0.9669
564,0.9787
565,0.5402
566,1.4708
567,3.2814
568,1.5774
569,1.5168
570,1.722
571,1.4492
572,0.3071
573,1.6968
574,0.7323
575,0.4989
576,0.3654
577,8.1287
578,0.996
579,1.7578
580,0.4494
581,0.6357
582,0.6405
583,0.3334
584,0.5582
585,0.2783
586,0.4667
587,0.6191
588,0.5592
589,0.7234
590,0.343
591,4.2659
592,0.7152
593,0.1009
594,0.4629
595,0.2773
596,0.6442
597,0.9008
598,0.4762
599,0.6142
600,1.7068
601,0.6831
602,3.0421
603,0.308
604,0.4744
605,0.6282
606,0.2314
607,16.7224
608,0.3271
609,0.2531
610,0.2824
611,0.2701
612,0.5414
613,0.8733
614,0.9137
615,0.7514
616,0.4731
617,0.6999
618,0.481
619,0.4384
620,0.1732
621,0.1966
622,0.2719
623,1.8401
624,0.1613
625,1.8125
626,0.2038
627,0.3231
628,1.6547
629,1.5585
630,1.4434
631,1.7278
632,0.635
633,0.1619
634,1.9304
635,0.7293
636,0.2787
637,0.5788
638,0.8064
639,0.9722
640,1.3184
641,0.7974
642,1.4912
643,1.7514
644,1.4628
645,0.2899
646,1.8042
647,0.5246
648,1.0881
649,1.9952
650,0.7935
651,0.2027
652,0.8037
653,8.413
654,0.8646
655,0.6474
656,0.8573
657,0.2097
658,1.9504
659,0.3598
660,1.0632
661,2.0535
662,0.6041
663,0.4941
664,16.0498
665,0.8477
666,1.775
667,0.8741
668,0.875
669,1.455
670,0.2361
671,1.7313
672,0.1946
673,0.7314
674,0.4844
675,0.2131
676,0.4543
677,1.753
678,1.3643
679,0.5243
680,2.1512
681,1.4336
682,1.502
683,1.6727
684,0.7019
685,4.9682
686,0.4238
687,0.6761
688,0.8831
689,0.5508
690,0.4754
691,1.2669
692,0.5528
693,0.9872
694,1.1607
695,2.1915
696,0.7438
697,0.177
698,0.2555
699,0.1902
700,1.2558
701,0.4257
702,0.2459
703,1.1618
704,0.2488
705,0.3417
706,0.5268
707,0.564
708,0.6308
709,0.1891
710,0.154
711,0.1418
712,1.6521
713,0.4666
714,0.4327
715,1.1172
716,0.6241
717,1.3985
718,0.5241
719,0.9794
720,0.9236
721,0.6399
722,0.8236
723,0.9825
724,1.9262
725,0.6016
726,0.3704
727,0.3653
728,0.9423
729,0.2968
730,0.4915
731,1.6304
732,0.8351
733,0.58
734,0.952
735,1.7914
736,0.7445
737,0.6752
738,0.7779
739,0.2096
740,1.2156
741,1.4401
742,0.8688
743,1.6928
744,1.8715
745,0.148
746,0.927
747,3.1899
748,0.7476
749,1.9381
750,0.451
751,0.3578
752,1.2509
753,0.8071
754,1.9075
755,1.004
756,0.21
757,2.2735
758,0.9263
759,1.0811
760,4.5198
761,0.6491
762,1.456
763,1.8427
764,0.2195
765,0.8104
766,0.1569
767,0.1846
768,1.4875
769,0.5159
770,0.4007
771,0.5514
772,2.5834
773,0.4341
774,0.7971
775,1.2506
776,0.3963
777,0.4755
778,0.2217
779,1.5313
780,0.4677
781,0.6892
782,0.3826
783,1.2636
784,1.5654
785,0.4738
786,0.7011
787,0.5503
788,0.7151
789,0.6654
790,3.9306
791,3.1554
792,1.5247
793,0.4587
794,0.9229
795,0.5217
796,0.5282
797,0.7662
798,1.1882
799,0.2292
800,0.4292
801,1.0008
802,2.0654
803,0.6442
804,4.1345
805,0.4964
806,0.6781
807,1.1378
808,0.5297
809,1.8688
810,0.2773
811,0.9871
812,0.3937
813,1.4787
814,1.3179
815,0.4857
816,0.3436
817,0.4347
818,0.9167
819,0.9048
820,0.8859
821,0.8549
822,2.0691
823,1.3678
824,0.1048
825,0.1331
826,1.2417
827,1.0072
828,0.2075
829,0.405
830,1.2837
831,1.3036
832,0.2385
833,0.1966
834,0.3796
835,0.6445
836,0.284
837,0.4611
838,0.3722
839,0.7062
840,1.0344
841,0.8849
842,2.8559
843,1.3782
844,1.1142
845,1.4703
846,1.1781
847,0.1747
848,1.0726
849,0.7731
850,0.647
851,0.2125
852,0.5078
853,1.6953
854,0.2986
855,1.5535
856,1.938
857,0.8042
858,1.5372
859,0.5135
860,0.5035
861,1.0566
862,0.3715
863,1.875
864,0.9367
865,1.6413
866,0.8821
867,0.8152
868,0.6599
869,1.789
870,1.2952
871,0.8591
872,0.5359
873,0.2456
874,1.1514
875,0.3595
876,3.8676
877,0.2636
878,1.9044
879,0.2683
880,1.6205
881,0.5496
882,0.9277
883,0.2596
884,0.4515
885,0.8087
886,0.3211
887,1.1916
888,0.1929
889,0.2611
890,1.31
891,1.4674
892,1.5128
893,0.3975
894,0.889
895,0.2741
896,0.2373
897,1.7069
898,1.6375
899,2.4599
900,0.4932
901,0.6041
902,1.4717
903,0.2084
904,0.5255
905,0.3968
906,0.3862
907,1.1543
908,1.747
909,0.1743
910,0.408
911,0.8848
912,0.4632
913,1.5928
914,2.5992
915,0.8885
916,1.0199
917,0.3235
918,0.9143
919,0.5404
920,0.6955
921,1.2705
922,0.674
923,0.3445
924,0.7358
925,0.716
926,8.5682
927,0.4474
928,0.982
929,0.6048
930,1.832
931,0.8243
932,0.1625
933,0.258
934,0.4645
935,1.5856
936,0.8365
937,0.2924
938,1.013
939,0.7936
940,0.4498
941,0.8509
942,0.3125
943,1.1993
944,0.311
945,0.2442
946,1.7199
947,0.3553
948,0.4728
949,0.6544
950,1.2796
951,0.2621
952,0.3467
953,1.7075
954,0.2054
955,2.2216
956,0.7051
957,0.4658
958,1.2498
959,0.3273
960,0.6398
961,0.36
962,0.695
963,0.3092
964,0.2512
965,0.8727
966,0.4821
967,0.2778
968,0.4881
969,0.6914
970,1.023
971,1.2579
972,0.3281
973,1.5791
974,0.2272
975,0.6936
976,0.7724
977,0.1977
978,1.7384
979,1.3898
980,1.0085
981,1.0354
982,1.6384
983,1.1175
984,1.088
985,3.3344
986,0.8765
987,0.9
988,2.2928
989,2.1952
990,0.3978
991,0.2626
992,1.1644
993,1.4975
994,0.9718
995,2.1129
996,0.6719
997,0.3436
998,0.3182
999,0.6243
1000,2.7578
1001,5.4041
1002,1.6426
1003,1.5167
1004,1.3776
1005,0.2282
1006,1.219
1007,1.1827
1008,1.9495
1009,0.3578
1010,0.9904
1011,0.9975
1012,1.4794
1013,1.276
1014,0.4136
1015,1.4111
1016,0.4885
1017,1.5692
1018,0.3267
1019,0.5035
1020,0.591
1021,0.4919
1022,0.4055
1023,0.4457
1024,0.208
1025,0.3036
1026,0.4146
1027,0.2301
1028,0.1902
1029,1.8642
1030,0.1467
1031,1.2953
1032,1.7006
1033,1.0863
1034,0.7731
1035,0.9461
1036,1.2926
1037,0.7554
1038,1.0771
1039,0.4502
1040,0.9884
1041,1.3461
1042,1.0542
1043,0.9859
1044,0.8244
1045,0.6155
1046,0.3421
1047,0.8637
1048,0.4408
1049,1.501
1050,0.2654
1051,0.5778
1052,2.0203
1053,0.5383
1054,0.2164
1055,0.5947
1056,0.4328
1057,0.7025
1058,0.4524
1059,2.9336
1060,0.235
1061,0.2432
1062,0.1552
1063,0.1206
1064,0.215
1065,0.3634
1066,0.3076
1067,0.6213
1068,2.4428
1069,2.4694
1070,3.0386
1071,0.1501
1072,2.304
1073,0.3998
1074,2.5487
1075,2.2369
1076,2.5853
1077,0.9915
1078,0.8011
1079,1.9365
1080,0.6182
1081,0.3586
1082,2.7544
1083,0.5044
1084,0.2945
1085,2.7692
1086,0.1005
1087,0.1202
1088,0.1774
1089,0.5069
1090,0.2886
1091,0.1206
1092,2.9871
1093,0.2079
1094,3.309
1095,0.2695
1096,2.3088
1097,0.1159
1098,2.3751
1099,2.017
1100,0.6433
1101,0.649
1102,0.889
1103,0.3373
1104,1.4448
1105,0.2057
1106,0.2132
1107,0.2342
1108,2.3428
1109,0.5069
1110,0.9227
1111,0.9333
1112,0.8727
1113,1.0756
1114,1.2038
1115,1.7239
1116,0.8466
1117,1.565
1118,0.4942
1119,0.6868
1120,0.9482
1121,1.0417
1122,1.6135
1123,2.0178
1124,0.3382
1125,1.3208
1126,1.4834
1127,1.5521
1128,0.496
1129,1.227
1130,1.0513
1131,0.6842
1132,0.5393
1133,1.6824
1134,1.6306
1135,0.5778
1136,1.6967
1137,0.2288
1138,1.0656
1139,1.3497
1140,0.1749
1141,1.2437
1142,0.6158
1143,1.5455
1144,1.956
1145,1.964
1146,3.7774
1147,0.9138
1148,0.623
1149,0.8348
1150,0.8946
1151,0.8197
1152,0.8886
1153,0.9701
1154,1.2065
1155,0.4335
1156,1.2275
1157,0.6996
1158,1.1754
1159,0.689
1160,0.6705
1161,1.0747
1162,1.1254
1163,1.2027
1164,1.6004
1165,0.2573
1166,1.9394
1167,0.5478
1168,0.4185
1169,0.538
1170,2.215
1171,0.8282
1172,0.4342
1173,0.2758
1174,0.3709
1175,0.2155
1176,2.1812
1177,2.3412
1178,0.2996
1179,0.697
1180,0.454
1181,0.3731
1182,0.4388
1183,2.1011
1184,3.4853
1185,0.332
1186,0.3537
1187,0.4138
1188,2.0403
1189,2.0055
1190,0.7575
1191,1.9307
1192,0.4924
1193,0.4091
1194,0.6082
1195,0.4668
1196,0.3705
1197,0.2188
1198,0.6496
1199,2.4152
1200,2.1362
1201,0.284
1202,2.7188
1203,0.4386
1204,2.6263
1205,3.1373
1206,0.5279
1207,0.5859
1208,0.2579
1209,2.5911
1210,2.4122
1211,2.7101
1212,2.3282
1213,0.4842
1214,0.3107
1215,1.3888
1216,0.5875
1217,0.5657
1218,1.7635
1219,1.998
1220,0.7492
1221,1.31
1222,0.481
1223,0.3829
1224,2.4269
1225,0.5566
1226,1.8209
1227,0.5533
1228,2.2013
1229,0.4293
1230,1.4119
1231,0.3333
1232,0.2682
1233,1.4223
1234,2.1085
1235,0.5302
1236,0.1827
1237,0.2647
1238,2.5206
1239,0.5337
1240,0.6393
1241,0.6067
1242,2.2192
1243,0.2374
1244,0.3273
1245,0.9836
1246,0.3013
1247,0.7826
1248,0.1905
1249,0.8957
1250,0.2074
1251,2.1166
1252,0.4186
1253,1.944
1254,0.2611
1255,0.3275
1256,0.3315
1257,0.8279
1258,0.7132
1259,0.6941
1260,1.5238
1261,0.8973
1262,2.0503
1263,1.7329
1264,2.4774
1265,0.1608
1266,2.3703
1267,0.2114
1268,0.2622
1269,0.5222
1270,0.735
1271,0.3918
1272,2.2771
1273,0.1595
1274,0.3417
1275,0.2335
1276,0.299
1277,0.262
1278,0.9721
1279,0.2477
1280,0.1769
1281,0.2516
1282,0.3524
1283,0.3876
1284,0.2567
1285,0.2324
1286,0.1561
1287,0.3661
1288,0.3722
1289,0.2424
1290,2.2711
1291,0.8707
1292,0.9778
1293,0.5339
1294,0.9203
1295,0.6524
1296,0.6238
1297,1.4238
1298,0.5921
1299,0.4197
1300,1.1606
1301,0.6805
1302,1.6486
1303,1.1896
1304,0.6191
1305,0.6037
1306,0.5842
1307,0.9428
1308,1.7621
1309,0.7327
1310,1.5647
1311,1.4686
1312,0.7441
1313,0.8305
1314,0.7216
1315,0.237
1316,0.4115
1317,1.3361
1318,0.6127
1319,1.206
1320,0.773
1321,0.3119
1322,0.4092
1323,0.2792
1324,0.2715
1325,1.8108
1326,0.5842
1327,0.2803
1328,1.9318
1329,0.459
1330,0.2827
1331,2.3248
1332,0.1953
1333,0.1707
1334,0.3253
1335,0.3134
1336,0.3261
1337,0.3914
1338,0.3904
1339,0.2261
1340,2.0524
1341,1.689
1342,0.7036
1343,1.2396
1344,0.726
1345,0.6614
1346,0.5477
1347,0.3285
1348,0.3272
1349,1.631
1350,0.3731
1351,0.2873
1352,2.503
1353,0.2507
1354,2.2736
1355,2.6054
1356,0.4466
1357,0.1609
1358,0.1944
1359,1.7899
1360,0.2426
1361,0.5334
1362,1.6144
1363,1.5693
1364,1.8121
1365,0.5894
1366,1.0562
1367,0.4555
1368,0.7977
1369,0.6743
1370,1.0441
1371,0.7805
1372,0.8843
1373,0.6159
1374,0.6393
1375,0.7222
1376,0.608
1377,0.5262
1378,2.8329
1379,1.2246
1380,0.7617
1381,1.3818
1382,0.7031
1383,0.494
1384,1.1941
1385,0.8556
1386,1.2239
1387,1.4908
1388,0.1832
1389,0.826
1390,1.524
1391,1.4193
1392,1.7488
1393,1.5375
1394,1.8326
1395,1.3065
1396,1.4282
1397,0.6044
1398,0.6067
1399,2.0776
1400,0.4204
1401,0.5864
1402,0.4217
1403,0.4105
1404,0.4363
1405,0.4733
1406,0.1525
1407,1.5124
1408,0.4315
1409,0.3606
1410,1.5547
1411,0.4594
1412,0.3614
1413,1.227
1414,0.8182
1415,0.6007
1416,0.7863
1417,0.5087
1418,0.659
1419,0.244
1420,1.2213
1421,0.9883
1422,0.9576
1423,0.6359
1424,0.5202
1425,0.7772
1426,0.8054
1427,0.4638
1428,0.5483
1429,0.1489
1430,1.5888
1431,0.559
1432,0.5514
1433,1.1755
1434,0.4126
1435,0.7813
1436,0.4235
1437,0.506
1438,0.4933
1439,1.5849
1440,1.4952
1441,0.1567
1442,1.0786
1443,0.6925
1444,0.3144
1445,1.2743
1446,0.4078
1447,1.0089
1448,1.0181
1449,1.1306
1450,1.2704
1451,0.1801
1452,0.8185
1453,0.3679
1454,0.276
1455,2.1906
1456,1.8032
1457,1.7154
1458,1.6799
1459,0.5408
1460,0.3893
1461,0.6688
1462,0.5514
1463,0.3339
1464,1.2144
1465,1.2686
1466,0.8239
1467,0.9375
1468,1.1234
1469,0.6243
1470,0.8071
1471,0.5165
1472,0.7067
1473,1.1042
1474,1.844
1475,0.897
1476,0.6762
1477,1.8531
1478,0.1597
1479,0.3964
1480,1.8213
1481,0.4601
1482,0.3107
1483,0.2129
1484,0.3798
1485,0.3653
1486,2.075
1487,0.3214
1488,1.4099
1489,1.1155
1490,1.1192
1491,2.4427
1492,0.4332
1493,0.2862
1494,1.4303
1495,1.8291
1496,0.3281
1497,0.3564
1498,0.4858
1499,1.5531
1500,0.474
1501,1.8929
1502,0.5985
1503,1.939
1504,0.3955
1505,2.4444
1506,0.4132
1507,1.9906
1508,0.3824
1509,1.9722
1510,0.2069
1511,1.2078
1512,0.9452
1513,0.4333
1514,0.4009
1515,3.5708
1516,0.2363
1517,0.4196
1518,0.2513
1519,1.454
1520,0.5671
1521,1.7439
1522,1.8672
1523,1.9439
1524,1.748
1525,2.1766
1526,2.4609
1527,0.6455
1528,0.3245
1529,0.9972
1530,0.4849
1531,0.3654
1532,2.4454
1533,0.3025
1534,0.183
1535,0.1385
1536,0.2755
1537,0.3566
1538,2.4607
1539,2.0235
1540,1.538
1541,2.6551
1542,1.941
1543,1.5165
1544,3.6551
1545,0.4907
1546,1.7246
1547,0.4117
1548,1.2457
1549,1.2774
1550,1.2737
1551,0.9803
1552,0.5498
1553,0.3407
1554,1.2081
1555,1.3798
1556,0.893
1557,0.5446
1558,0.2142
1559,1.7951
1560,0.6352
1561,0.3569
1562,1.0772
1563,0.8958
1564,1.6876
1565,1.489
1566,1.302
1567,1.2738
1568,1.4932
1569,0.8113
1570,2.0083
1571,1.7527
1572,0.937
1573,1.226
1574,1.2399
1575,0.8428
1576,0.9799
1577,1.2328
1578,0.5356
1579,0.9631
1580,1.1395
1581,3.1895
1582,0.4473
1583,0.9776
1584,0.8567
1585,0.902
1586,0.6684
1587,0.8051
1588,1.0888
1589,0.4113
1590,0.1789
1591,0.3595
1592,0.4661
1593,0.2769
1594,1.8745
1595,0.4131
1596,0.2093
1597,0.1392
1598,2.4391
1599,2.5369
1600,0.2916
1601,0.2171
1602,1.9521
1603,0.212
1604,0.3345
1605,0.233
1606,0.3339
1607,0.323
1608,1.7171
1609,2.0023
1610,0.9256
1611,1.6178
1612,0.4563
1613,2.0496
1614,0.2455
1615,0.592
1616,1.9442
1617,2.2213
1618,0.2976
1619,0.3318
1620,0.2442
1621,0.2953
1622,0.4526
1623,0.1603
1624,2.2988
1625,0.3906
1626,0.2225
1627,0.2721
1628,2.0744
1629,0.3157
1630,2.3848
1631,0.4763
1632,1.8042
1633,0.7919
1634,1.9567
1635,0.2295
1636,0.1993
1637,0.3616
1638,2.0053
1639,0.3365
1640,0.2874
1641,0.1572
1642,2.1321
1643,1.9666
1644,0.3236
1645,0.2053
1646,0.2124
1647,0.3943
1648,2.4345
1649,2.2398
1650,0.1468
1651,0.2895
1652,2.3163
1653,0.2629
1654,0.1519
1655,1.8902
1656,1.6812
1657,0.4394
1658,0.4394
1659,0.3851
1660,2.0157
1661,1.338
1662,0.3447
1663,1.823
1664,0.5051
1665,0.2852
1666,1.5565
1667,1.4475
1668,0.2518
1669,1.9963
1670,0.2831
1671,1.7666
1672,1.7551
1673,1.0216
1674,1.0933
1675,0.3424
1676,1.3736
1677,1.9522
1678,2.1696
1679,1.0527
1680,0.1849
1681,0.8649
1682,0.6876
1683,1.2509
1684,0.727
1685,0.231
1686,0.4063
1687,0.5437
1688,2.1917
1689,0.7989
1690,0.5949
1691,2.317
1692,0.3824
1693,0.5068
1694,2.1947
1695,0.5069
1696,0.3095
1697,2.7267
1698,0.3078
1699,0.183
1700,0.2703
1701,2.4919
1702,0.3562
1703,0.3525
1704,2.6521
1705,0.5652
1706,0.5911
1707,1.7051
1708,0.628
1709,0.7416
1710,0.3096
1711,0.3853
1712,0.4778
1713,2.1867
1714,0.2281
1715,2.022
1716,0.4944
1717,0.4476
1718,0.3475
1719,0.6044
1720,1.3287
1721,1.468
1722,0.5297
1723,0.3355
1724,0.6572
1725,1.5672
1726,0.5159
1727,0.3113
1728,0.6183
1729,0.7035
1730,1.3189
1731,0.5751
1732,0.7847
1733,1.2318
1734,1.44
1735,0.9616
1736,0.9181
1737,0.8197
1738,1.5971
1739,0.9649
1740,1.1563
1741,1.3138
1742,0.2966
1743,1.497
1744,2.0442
1745,2.1753
1746,1.9729
1747,0.4469
1748,0.2945
1749,2.0134
1750,0.2582
1751,2.5632
1752,2.0464
1753,0.5472
1754,0.4036
1755,1.6531
1756,0.7715
1757,0.8968
1758,1.2477
1759,1.424
1760,1.1709
1761,1.7326
1762,0.3673
1763,0.1438
1764,1.8331
1765,0.2012
1766,2.669
1767,2.1861
1768,0.3654
1769,0.2366
1770,2.0346
1771,0.408
1772,2.098
1773,1.8549
1774,0.2703
1775,1.5062
1776,2.3559
1777,2.5271
1778,0.3559
1779,0.5547
1780,0.1268
1781,1.7376
1782,0.1842
1783,1.9503
1784,1.9717
1785,0.2061
1786,1.9895
1787,0.4354
1788,0.5557
1789,0.4851
1790,0.7479
1791,1.6891
1792,0.1864
1793,0.2617
1794,1.5341
1795,1.6149
1796,0.6964
1797,0.5236
1798,1.5412
1799,1.0093
1800,0.1806
1801,1.1304
1802,1.1264
1803,0.9465
1804,0.3446
1805,0.8263
1806,0.5783
1807,2.005
1808,1.6281
1809,0.705
1810,1.9081
1811,0.3474
1812,2.1134
1813,1.7511
1814,2.0792
1815,0.5058
1816,0.456
1817,1.9212
1818,0.843
1819,0.3296
1820,1.9715
1821,0.396
1822,0.2834
1823,1.7446
1824,1.7779
1825,2.0142
1826,1.4357
1827,1.2839
1828,1.0701
1829,1.5936
1830,0.8014
1831,1.1067
1832,2.1933
1833,0.216
1834,0.1719
1835,0.1434
1836,1.1644
1837,1.373
1838,0.5467
1839,1.538
1840,1.4612
1841,0.4019
1842,0.3302
1843,0.5479
1844,2.1758
1845,2.2502
1846,0.3399
1847,1.5134
1848,0.6643
1849,0.9915
1850,1.3862
1851,0.2759
1852,1.2571
1853,1.0403
1854,1.0268
1855,0.5138
1856,1.0171
1857,1.1348
1858,0.4452
1859,0.3904
1860,1.4303
1861,0.4074
1862,0.7293
1863,1.4884
1864,0.3396
1865,0.3439
1866,1.6861
1867,0.9374
1868,0.8386
1869,0.7123
1870,1.5994
1871,1.7701
1872,0.7131
1873,1.8352
1874,0.9289
1875,0.7969
1876,1.944
1877,0.3995
1878,0.7875
1879,2.2648
1880,1.7277
1881,0.8153
1882,0.6166
1883,2.0176
1884,1.6653
1885,0.6784
1886,0.9487
1887,1.7475
1888,0.39
1889,1.8054
1890,1.8752
1891,2.0647
1892,0.2381
1893,1.6391
1894,1.0949
1895,0.9591
1896,0.7435
1897,1.6464
1898,0.3382
1899,0.7839
1900,1.0419
1901,1.1109
1902,1.1135
1903,0.818
1904,0.5203
1905,0.5492
1906,0.5979
1907,0.9742
1908,0.2992
1909,0.6941
1910,0.3715
1911,0.3382
1912,0.2825
1913,0.1364
1914,0.2078
1915,0.621
1916,1.6883
1917,0.9498
1918,0.5194
1919,0.9881
1920,1.3146
1921,1.0834
1922,1.4711
1923,0.531
1924,1.3846
1925,0.2723
1926,0.4971
1927,1.676
1928,0.4771
1929,1.1159
1930,0.252
1931,0.6361
1932,0.3871
1933,0.4472
1934,0.6997
1935,0.8336
1936,0.3246
1937,1.955
1938,1.8335
1939,2.3022
1940,0.3207
1941,1.8053
1942,0.2714
1943,2.1794
1944,0.1785
1945,0.2348
1946,0.4811
1947,0.3016
1948,0.2667
1949,0.5383
1950,2.0575
1951,2.5714
1952,0.4675
1953,0.5176
1954,0.6221
1955,1.8748
1956,0.698
1957,1.6097
1958,1.0779
1959,0.2956
1960,1.6305
1961,1.0212
1962,0.9774
1963,1.0372
1964,0.4154
1965,1.0633
1966,0.8168
1967,0.4166
1968,1.0017
1969,2.2772
1970,0.7086
1971,1.3345
1972,1.7048
1973,0.9832
1974,0.5309
1975,0.7884
1976,0.5334
1977,0.2816
1978,1.2404
1979,0.3523
1980,1.1634
1981,1.0561
1982,1.0969
1983,0.7263
1984,0.7322
1985,0.5005
1986,0.797
1987,0.4752
1988,1.9003
1989,0.6043
1990,0.3569
1991,0.3396
1992,0.2773
1993,0.3707
1994,2.9828
1995,2.5005
1996,0.2512
1997,0.4897
1998,0.3497
1999,0.7598
2000,0.6906
2001,0.4585
2002,1.1946
2003,1.5388
2004,1.3469
2005,1.129
2006,0.8379
2007,0.9395
2008,1.4179
2009,1.9194
2010,0.122
2011,1.5582
2012,1.1472
2013,0.5744
2014,0.3325
2015,0.3581
2016,2.1079
2017,0.3811
2018,1.4575
2019,1.8526
2020,2.9797
2021,0.2395
2022,0.1157
2023,0.2311
2024,0.3699
2025,0.215
2026,0.454
2027,2.4389
2028,0.4035
2029,0.3949
2030,2.3899
2031,0.3136
2032,0.3081
2033,1.6177
2034,1.4089
2035,0.3638
2036,0.3902
2037,0.5286
2038,0.585
2039,0.475
2040,1.7054
2041,1.4084
2042,0.6799
2043,0.8252
2044,1.6257
2045,1.1087
2046,1.7813
2047,1.689
2048,0.4816
2049,0.6633
2050,0.6869
2051,0.6167
2052,2.6225
2053,0.238
2054,2.2535
2055,0.5274
2056,0.4293
2057,0.1698
2058,1.7727
2059,0.1581
2060,0.1962
2061,0.2241
2062,2.1168
2063,0.7516
2064,0.8511
2065,1.2816
2066,0.901
2067,1.9769
2068,0.7051
2069,0.3504
2070,0.7456
2071,0.217
2072,2.0346
2073,0.3157
2074,0.6549
2075,0.3297
2076,0.4412
2077,0.5202
2078,1.5523
2079,1.3241
2080,0.6348
2081,0.4764
2082,0.3261
2083,1.4876
2084,0.3483
2085,2.0035
2086,0.8154
2087,1.9857
2088,1.3074
2089,0.9465
2090,0.6804
2091,0.7459
2092,0.6683
2093,0.3687
2094,0.6949
2095,0.6242
2096,0.3969
2097,1.4746
2098,0.5402
2099,0.6241
2100,0.9244
2101,0.8451
2102,0.4176
2103,0.6471
2104,0.8907
2105,0.7435
2106,0.9953
2107,0.2936
2108,0.3986
2109,0.6796
2110,0.2444
2111,0.3363
2112,0.2339
2113,0.7475
2114,1.6135
2115,1.264
2116,0.8986
2117,1.0277
2118,1.1865
2119,0.8719
2120,0.8148
2121,0.701
2122,0.8806
2123,0.7275
2124,1.4027
2125,1.8493
2126,0.8544
2127,0.6153
2128,1.9092
2129,0.7299
2130,1.4243
2131,0.7938
2132,0.8604
2133,1.3652
2134,1.2673
2135,0.4776
2136,1.1345
2137,1.386
2138,0.8333
2139,1.2508
2140,1.5906
2141,1.0082
2142,1.1441
2143,1.0924
2144,1.52
2145,1.4375
2146,1.4857
2147,0.4899
2148,1.3228
2149,1.0119
2150,0.8657
2151,0.4638
2152,0.4489
2153,1.2348
2154,0.8091
2155,0.85
2156,1.4648
2157,0.7519
2158,0.836
2159,0.9127
2160,1.0596
2161,1.2831
2162,0.6591
2163,0.808
2164,1.6903
2165,0.433
2166,1.993
2167,1.7776
2168,0.1771
2169,0.2733
2170,1.7645
2171,0.2057
2172,0.8932
2173,0.8515
2174,1.1188
2175,0.3016
2176,0.9818
2177,0.5727
2178,1.1327
2179,1.0515
2180,0.6707
2181,0.6736
2182,0.4049
2183,0.4442
2184,0.5785
2185,1.9413
2186,1.6184
2187,0.3376
2188,1.9446
2189,0.1826
2190,0.1143
2191,0.2123
2192,2.1951
2193,0.2562
2194,0.2741
2195,0.5653
2196,3.58
2197,2.324
2198,0.346
2199,0.2988
2200,0.3782
2201,1.8265
2202,2.1366
2203,0.2632
2204,0.5269
2205,0.2962
2206,0.1551
2207,2.2549
2208,0.2666
2209,0.1447
2210,0.2089
2211,1.7122
2212,1.972
2213,0.2555
2214,0.233
2215,1.6426
2216,1.4544
2217,0.7584
2218,0.624
2219,0.4465
2220,1.0367
2221,0.9757
2222,1.0612
2223,1.221
2224,1.5226
2225,1.9843
2226,0.4746
2227,1.6673
2228,0.1304
2229,0.5958
2230,2.4338
2231,0.5271
2232,0.2852
2233,0.3695
2234,1.1344
2235,1.0124
2236,1.2272
2237,0.5526
2238,0.2926
2239,0.4708
2240,1.0339
2241,1.5306
2242,0.9595
2243,1.5024
2244,0.6748
2245,0.6474
2246,0.5892
2247,2.2872
2248,0.2308
2249,0.253
2250,0.1832
2251,0.2022
2252,0.2743
2253,0.321
2254,2.7627
2255,2.6601
2256,0.4697
2257,0.567
2258,0.6512
2259,0.7082
2260,1.1153
2261,0.8266
2262,0.4664
2263,0.953
2264,1.0097
2265,1.3002
2266,0.3395
2267,1.0151
2268,0.2397
2269,1.5194
2270,0.5236
2271,2.1431
2272,0.6063
2273,0.2017
2274,2.1581
2275,2.4454
2276,2.3255
2277,0.3249
2278,2.1059
2279,0.586
2280,0.4559
2281,2.0581
2282,0.3056
2283,0.3266
2284,0.885
2285,0.6747
2286,1.9494
2287,0.6693
2288,1.2916
2289,0.4106
2290,0.4875
2291,1.1753
2292,0.2641
2293,1.4793
2294,0.403
2295,0.4534
2296,0.4477
2297,0.4144
2298,0.7414
2299,0.9163
2300,0.672
2301,0.7619
2302,0.6254
2303,1.5593
2304,2.0948
2305,1.2492
2306,0.7636
2307,0.9297
2308,1.4461
2309,0.5149
2310,0.3947
2311,0.8725
2312,0.418
2313,0.4142
2314,2.1097
2315,0.5369
2316,2.1808
2317,0.1868
2318,1.5473
2319,1.4716
2320,1.0972
2321,1.9378
2322,1.5496
2323,1.6445
2324,0.8074
2325,0.2129
2326,2.2832
2327,0.2169
2328,0.2034
2329,0.5832
2330,0.3874
2331,0.2446
2332,0.2853
2333,0.4754
2334,2.2474
2335,2.7153
2336,0.1279
2337,2.1771
2338,1.6476
2339,2.6699
2340,2.1341
2341,0.8182
2342,0.2821
2343,0.3982
2344,3.6316
2345,0.168
2346,3.6833
2347,3.1367
2348,0.1065
2349,0.7967
2350,0.4123
2351,0.3296
2352,1.0191
2353,0.1615
2354,0.6395
2355,0.2853
2356,2.9861
2357,0.3332
2358,2.7467
2359,1.0529
2360,0.5235
2361,1.3948
2362,0.7982
2363,0.9389
2364,0.9516
2365,0.6068
2366,0.8448
2367,1.3766
2368,1.0787
2369,1.2823
2370,0.1698
2371,0.2623
2372,0.3535
2373,0.86
2374,1.2076
2375,1.5321
2376,0.3057
2377,2.0961
2378,0.6396
2379,0.4178
2380,0.7233
2381,0.2731
2382,0.6342
2383,2.5894
2384,2.9249
2385,0.28
2386,2.6228
2387,0.385
2388,0.2158
2389,0.1211
2390,0.124
2391,2.8385
2392,0.1374
2393,0.1924
2394,0.1442
2395,0.177
2396,3.3818
2397,0.2503
2398,0.2073
2399,0.2179
2400,1.8992
2401,0.544
2402,0.5248
2403,1.8047
2404,0.3608
2405,0.3946
2406,0.4174
2407,0.156
2408,0.3213
2409,0.5001
2410,0.3876
2411,0.4134
2412,2.4562
2413,0.2375
2414,2.5294
2415,0.1543
2416,2.0736
2417,0.3212
2418,2.2695
2419,0.1645
2420,0.459
2421,0.1636
2422,0.3775
2423,0.2028
2424,0.2617
2425,2.1319
2426,0.2029
2427,0.4508
2428,1.9504
2429,1.3585
2430,1.1485
2431,0.7328
2432,1.0391
2433,0.4937
2434,0.9848
2435,1.2567
2436,0.396
2437,1.3055
2438,0.9437
2439,0.2519
2440,0.9078
2441,0.2796
2442,1.279
2443,1.158
2444,0.3746
2445,0.7463
2446,0.2512
2447,1.7167
2448,0.2392
2449,0.3257
2450,1.5511
2451,0.2281
2452,0.4567
2453,2.5981
2454,0.2989
2455,1.681
2456,2.2906
2457,1.1779
2458,2.8372
2459,0.5221
2460,0.222
2461,0.173
2462,0.2171
2463,0.5327
2464,0.26
2465,2.1003
2466,3.0109
2467,0.5358
2468,0.3272
2469,0.497
2470,1.8236
2471,2.0617
2472,1.6595
2473,0.1522
2474,0.8688
2475,1.8438
2476,0.1229
2477,2.2779
2478,1.1978
2479,0.6373
2480,0.4455
2481,0.8958
2482,0.7599
2483,1.2365
2484,0.7216
2485,0.6203
2486,1.8258
2487,1.8595
2488,0.2848
2489,2.2221
2490,1.177
2491,1.1512
2492,1.3344
2493,1.4611
2494,0.2597
2495,0.1115
2496,1.3771
2497,1.3993
2498,0.5684
2499,0.7668
2500,1.3859
2501,0.3563
2502,1.4571
2503,0.9069
2504,2.2718
2505,2.24
2506,0.4747
2507,1.5915
2508,0.3501
2509,1.6157
2510,1.3333
2511,1.325
2512,0.8456
2513,0.7136
2514,0.3914
2515,0.5344
2516,1.638
2517,0.7403
2518,0.5407
2519,1.1555
2520,0.5511
2521,0.7187
2522,0.7476
2523,0.9164
2524,1.0428
2525,1.4489
2526,0.9057
2527,0.858
2528,0.2874
2529,0.1728
2530,1.6519
2531,1.4251
2532,0.7
2533,1.1501
2534,1.0071
2535,1.1314
2536,0.7547
2537,0.5389
2538,0.8733
2539,1.5015
2540,0.3952
2541,0.6245
2542,0.467
2543,0.7377
2544,1.2912
2545,0.5299
2546,0.6976
2547,0.5033
2548,1.9212
2549,0.2743
2550,0.1643
2551,1.8901
2552,1.9594
2553,0.1861
2554,0.3987
2555,1.3059
2556,0.6704
2557,0.343
2558,1.5978
2559,0.3569
2560,1.8412
2561,1.9834
2562,0.508
2563,2.1385
2564,0.2313
2565,0.5502
2566,2.2643
2567,0.1734
2568,0.1215
2569,0.2549
2570,3.1683
2571,2.182
2572,1.7288
2573,0.2888
2574,2.2933
2575,2.7263
2576,0.2468
2577,0.2519
2578,0.3228
2579,2.6019
2580,0.2014
2581,0.3112
2582,2.6946
2583,0.3145
2584,3.7694
2585,3.2011
2586,0.1822
2587,0.3285
2588,0.5208
2589,0.1821
2590,2.1992
2591,0.4453
2592,0.2336
2593,0.3762
2594,0.3304
2595,0.4255
2596,3.0502
2597,0.2691
2598,0.3649
2599,0.1853
2600,2.479
2601,0.1148
2602,0.3374
2603,0.1923
2604,1.9627
2605,0.4207
2606,1.8835
2607,0.4729
2608,0.3526
2609,0.4214
2610,0.3354
2611,2.0156
2612,1.2547
2613,1.544
2614,0.6505
2615,1.153
2616,1.4429
2617,0.2806
2618,0.8458
2619,1.4086
2620,1.49
2621,0.2671
2622,0.1106
2623,0.2016
2624,0.3489
2625,0.9024
2626,1.5017
2627,1.3251
2628,1.4695
2629,0.6079
2630,1.5667
2631,0.7212
2632,0.5356
2633,0.925
2634,0.9289
2635,0.2813
2636,0.3846
2637,1.3296
2638,1.1836
2639,0.8926
2640,0.7193
2641,0.691
2642,1.2359
2643,0.4814
2644,0.459
2645,1.3277
2646,0.579
2647,0.8154
2648,1.7584
2649,0.6015
2650,0.2977
2651,1.3807
2652,0.6826
2653,1.0965
2654,0.9386
2655,0.9577
2656,1.0722
2657,0.8735
2658,0.7332
2659,0.7514
2660,1.2168
2661,0.9083
2662,0.6174
2663,1.4349
2664,1.1104
2665,0.9899
2666,1.1172
2667,0.5391
2668,0.8266
2669,1.3449
2670,0.4303
2671,0.2883
2672,0.4017
2673,1.7825
2674,2.538
2675,0.2694
2676,0.3715
2677,0.2909
2678,1.5861
2679,2.0088
2680,1.3457
2681,0.4808
2682,0.4239
2683,0.5006
2684,0.3382
2685,1.6335
2686,0.5784
2687,0.2767
2688,1.1238
2689,0.4585
2690,1.6407
2691,0.2459
2692,1.0419
2693,0.8851
2694,1.1484
2695,1.488
2696,1.2685
2697,0.3726
2698,1.2348
2699,1.0338
2700,0.8457
2701,1.1654
2702,1.1591
2703,1.3889
2704,1.0219
2705,1.2469
2706,1.0702
2707,1.5944
2708,1.2346
2709,2.5594
2710,0.1629
2711,0.3486
2712,0.2472
2713,0.2921
2714,2.1262
2715,0.3396
2716,0.337
2717,2.4997
2718,0.3726
2719,2.2315
2720,2.5811
2721,0.1259
2722,2.6562
2723,0.1851
2724,0.3542
2725,0.2102
2726,0.2598
2727,1.7668
2728,0.2736
2729,0.4545
2730,0.5217
2731,0.1366
2732,0.2511
2733,1.9811
2734,2.5411
2735,0.3009
2736,0.1885
2737,0.2103
2738,1.9683
2739,0.6983
2740,0.8514
2741,0.2542
2742,0.6178
2743,1.2617
2744,0.2081
2745,0.2448
2746,1.1799
2747,1.3382
2748,0.4666
2749,0.4509
2750,0.6942
2751,1.7223
2752,0.2536
2753,0.4277
2754,0.2691
2755,0.3384
2756,0.372
2757,0.2534
2758,0.2585
2759,0.2332
2760,2.1007
2761,0.1961
2762,1.9144
2763,0.6293
2764,0.8959
2765,0.24
2766,2.0917
2767,0.4748
2768,2.9488
2769,0.6576
2770,0.3546
2771,0.4487
2772,2.1122
2773,1.8634
2774,0.2725
2775,0.4759
2776,0.5167
2777,2.0296
2778,0.2469
2779,0.257
2780,0.2128
2781,2.1788
2782,0.6269
2783,0.5952
2784,0.2606
2785,0.5284
2786,0.6279
2787,0.3492
2788,0.381
2789,0.6168
2790,2.3405
2791,2.1168
2792,1.8904
2793,0.4746
2794,0.5425
2795,0.3789
2796,0.4364
2797,0.4177
2798,1.7056
2799,0.272
2800,1.0533
2801,0.9128
2802,1.1856
2803,0.8622
2804,0.9221
2805,0.474
2806,0.4164
2807,0.7742
2808,0.8075
2809,0.3659
2810,0.3315
2811,1.1741
2812,0.4304
2813,0.5922
2814,0.6792
2815,1.426
2816,0.9812
2817,0.6875
2818,0.7452
2819,2.3593
2820,0.4461
2821,1.4051
2822,0.2791
2823,0.46
2824,0.1831
2825,2.3154
2826,0.4082
2827,0.284
2828,0.3459
2829,2.3383
2830,2.2089
2831,0.2743
2832,0.322
2833,2.0597
2834,0.5788
2835,1.2476
2836,0.5263
2837,0.4635
2838,0.9882
2839,1.0858
2840,1.3468
2841,0.6292
2842,0.2566
2843,0.5257
2844,2.5445
2845,2.1422
2846,0.5068
2847,0.4903
2848,0.6023
2849,0.4927
2850,1.5445
2851,0.2299
2852,1.4371
2853,2.1641
2854,0.4053
2855,0.1074
2856,0.4304
2857,0.2412
2858,0.5226
2859,0.1181
2860,2.0015
2861,0.583
2862,1.7109
2863,0.8167
2864,0.6808
2865,0.9296
2866,1.1471
2867,1.5279
2868,0.9791
2869,1.0848
2870,1.2419
2871,0.6795
2872,1.9828
2873,0.7024
2874,0.1861
2875,0.1961
2876,2.3939
2877,2.0588
2878,0.3339
2879,2.2397
2880,0.3527
2881,0.3985
2882,0.2669
2883,0.2409
2884,2.0552
2885,1.5001
2886,0.6675
2887,0.9012
2888,1.2929
2889,1.6745
2890,1.6113
2891,1.8876
2892,0.5573
2893,0.2705
2894,0.5586
2895,0.2935
2896,0.3084
2897,0.3247
2898,0.353
2899,2.6443
2900,0.3324
2901,0.192
2902,1.7219
2903,1.1664
2904,1.4787
2905,1.1506
2906,1.1919
2907,0.8544
2908,0.8514
2909,1.0943
2910,0.9487
2911,1.1014
2912,1.2151
2913,0.5381
2914,1.2845
2915,1.0482
2916,1.6054
2917,0.2419
2918,0.396
2919,0.8407
2920,0.7063
2921,0.6995
2922,0.2752
2923,0.244
2924,0.3786
2925,1.7635
2926,0.7924
2927,2.0535
2928,0.4379
2929,0.8288
2930,1.9425
2931,0.2569
2932,1.5562
2933,1.2112
2934,0.8046
2935,1.1572
2936,1.0287
2937,1.5754
2938,0.2675
2939,1.7196
2940,1.6223
2941,1.4278
2942,0.7371
2943,0.7303
2944,1.0022
2945,0.9892
2946,1.4091
2947,1.706
2948,1.1778
2949,0.5663
2950,0.4023
2951,0.4652
2952,1.4597
2953,1.6043
2954,0.584
2955,0.2191
2956,1.9121
2957,2.1577
2958,0.5271
2959,2.0414
2960,1.7379
2961,0.4959
2962,3.1195
2963,0.1317
2964,1.9236
2965,1.8656
2966,0.5443
2967,0.6285
2968,0.259
2969,0.3353
2970,0.2695
2971,2.1669
2972,1.4629
2973,1.8158
2974,0.6202
2975,0.7157
2976,0.2323
2977,0.7087
2978,1.0186
2979,1.5287
2980,1.4773
2981,0.609
2982,1.3506
2983,1.3219
2984,0.6101
2985,0.7067
2986,0.5988
2987,1.3571
2988,1.0496
2989,0.8778
2990,1.0433
2991,0.6566
2992,2.543
2993,0.1255
2994,1.0827
2995,0.4783
2996,0.7322
2997,0.5996
2998,0.356
2999,1.6156
3000,0.6832
3001,0.7832
3002,1.3427
3003,0.6523
3004,0.2369
3005,2.2189
3006,0.8386
3007,0.6262
3008,0.164
3009,2.4507
3010,0.5634
3011,0.4234
3012,0.825
3013,0.3527
3014,1.2499
3015,0.3531
3016,0.1592
3017,1.4395
3018,1.2413
3019,0.4251
3020,2.6825
3021,0.1987
3022,0.1998
3023,0.2768
3024,0.2865
3025,0.5597
3026,1.3817
3027,1.376
3028,2.5456
3029,1.9202
3030,0.3569
3031,0.8585
3032,0.5082
3033,1.6587
3034,0.4942
3035,0.5761
3036,0.8389
3037,1.1151
3038,0.7644
3039,0.7004
3040,1.6442
3041,0.2085
3042,0.3876
3043,1.0498
3044,0.9432
3045,0.8587
3046,1.5915
3047,1.5698
3048,1.54
3049,0.3843
3050,0.3863
3051,0.4116
3052,1.3106
3053,0.5353
3054,0.3336
3055,0.2881
3056,1.2981
3057,1.5519
3058,1.0711
3059,1.1725
3060,0.7496
3061,1.6003
3062,1.734
3063,0.8516
3064,0.8749
3065,0.6957
3066,0.7514
3067,1.2122
3068,1.1342
3069,1.2491
3070,0.6643
3071,1.387
3072,0.4915
3073,1.5403
3074,0.5372
3075,1.6882
3076,0.9287
3077,0.4009
3078,1.1596
3079,0.8455
3080,0.4774
3081,1.1471
3082,1.1335
3083,2.0894
3084,1.5836
3085,0.6771
3086,0.5172
3087,0.7037
3088,1.4829
3089,0.3583
3090,0.6737
3091,0.5358
3092,0.9609
3093,1.0846
3094,0.9681
3095,1.1696
3096,0.6974
3097,0.653
3098,1.2227
3099,0.9497
3100,0.952
3101,0.9941
3102,1.5419
3103,1.3858
3104,1.3233
3105,0.8996
3106,1.0359
3107,0.5832
3108,0.5418
3109,1.5394
3110,1.5126
3111,0.5435
3112,0.2994
3113,0.2657
3114,1.6553
3115,0.2532
3116,1.4156
3117,0.5017
3118,1.6516
3119,0.2363
3120,0.3628
3121,0.2582
3122,2.144
3123,1.6541
3124,0.14
3125,0.257
3126,1.5178
3127,0.9672
3128,0.4332
3129,1.4588
3130,0.3495
3131,0.3395
3132,1.1715
3133,0.9749
3134,0.5063
3135,0.3389
3136,1.3746
3137,0.586
3138,0.9052
3139,0.7504
3140,0.3116
3141,0.3068
3142,0.4283
3143,0.6145
3144,0.5654
3145,0.1727
3146,1.6171
3147,0.5491
3148,0.8589
3149,0.5366
3150,0.5484
3151,0.6291
3152,0.3825
3153,1.2236
3154,0.6588
3155,0.231
3156,0.6705
3157,1.8773
3158,0.2802
3159,0.3687
3160,0.6281
3161,0.229
3162,1.4694
3163,0.2592
3164,0.5145
3165,0.5173
3166,0.3091
3167,0.2893
3168,0.4161
3169,2.007
3170,1.4537
3171,0.5006
3172,1.3617
3173,2.3639
3174,0.1851
3175,0.455
3176,0.2099
3177,0.3276
3178,0.3072
3179,1.5755
3180,0.5584
3181,0.6914
3182,0.372
3183,1.2926
3184,1.0322
3185,0.645
3186,0.5289
3187,0.7427
3188,0.324
3189,0.8657
3190,0.3315
3191,0.7276
3192,1.2094
3193,2.0628
3194,0.9498
3195,0.2729
3196,1.8648
3197,1.1821
3198,0.7026
3199,1.4335
3200,1.1628
3201,0.6058
3202,0.8226
3203,0.8877
3204,0.7713
3205,0.7023
3206,0.4612
3207,0.5283
3208,0.4087
3209,1.5246
3210,0.2719
3211,0.3034
3212,0.3454
3213,0.2602
3214,0.181
3215,0.2747
3216,2.1886
3217,0.3788
3218,1.8196
3219,0.5829
3220,1.6297
3221,0.2231
3222,0.4146
3223,2.4066
3224,0.3212
3225,0.2465
3226,0.3754
3227,0.5912
3228,1.5233
3229,0.4179
3230,0.769
3231,0.3093
3232,0.6274
3233,0.6771
3234,1.0802
3235,0.3976
3236,0.9086
3237,0.6293
3238,1.2162
3239,0.4117
3240,0.3244
3241,0.1317
3242,1.6626
3243,0.1883
3244,1.906
3245,0.1359
3246,0.4409
3247,0.5006
3248,0.1851
3249,0.3047
3250,0.6449
3251,0.2806
3252,0.251
3253,0.1447
3254,0.2917
3255,1.5833
3256,0.2721
3257,0.5781
3258,1.3027
3259,2.1759
3260,0.5167
3261,0.8817
3262,0.4357
3263,1.1484
3264,1.4751
3265,2.4962
3266,0.9549
3267,0.9693
3268,0.665
3269,0.8667
3270,0.3207
3271,0.9906
3272,0.42
3273,0.7821
3274,1.0339
3275,1.2979
3276,1.0231
3277,0.6392
3278,0.4717
3279,0.9816
3280,1.7179
3281,2.6648
3282,0.9355
3283,0.7382
3284,0.9904
3285,1.476
3286,2.9629
3287,1.362
3288,1.8668
3289,1.4201
3290,1.3609
3291,1.4472
3292,0.3256
3293,1.3017
3294,1.5947
3295,0.4331
3296,1.2854
3297,0.1788
3298,0.3227
3299,0.5252
3300,0.9615
3301,0.2253
3302,0.3222
3303,0.7797
3304,0.9822
3305,0.4012
3306,1.8963
3307,1.2609
3308,0.3846
3309,0.4183
3310,0.2951
3311,1.7676
3312,0.1354
3313,1.4362
3314,0.2419
3315,0.3206
3316,0.4654
3317,3.3197
3318,1.7233
3319,1.8866
3320,0.7055
3321,1.2707
3322,0.4697
3323,3.3214
3324,0.2077
3325,1.1969
3326,1.4973
3327,0.236
3328,1.0368
3329,3.3477
3330,0.2093
3331,0.2711
3332,0.492
3333,0.1649
3334,0.1761
3335,1.4122
3336,0.8797
3337,1.2695
3338,0.5618
3339,1.0688
3340,0.1956
3341,0.3776
3342,0.9612
3343,1.204
3344,0.2595
3345,2.0794
3346,0.9402
3347,0.4985
3348,0.6336
3349,0.442
3350,1.0906
3351,0.3322
3352,0.2901
3353,0.3237
3354,0.2934
3355,1.1683
3356,0.3556
3357,1.8436
3358,1.4984
3359,1.4319
3360,1.0311
3361,0.5215
3362,0.4118
3363,0.5358
3364,0.6288
3365,1.3654
3366,0.743
3367,0.2456
3368,0.2173
3369,1.0343
3370,0.9288
3371,0.7345
3372,3.5497
3373,0.3087
3374,0.3981
3375,1.4609
3376,1.8362
3377,1.5842
3378,1.1946
3379,0.9299
3380,1.6539
3381,1.3051
3382,1.0187
3383,0.4652
3384,0.6475
3385,0.2319
3386,0.4711
3387,0.948
3388,1.2047
3389,0.5025
3390,1.0757
3391,0.5141
3392,1.7755
3393,0.429
3394,1.1576
3395,0.7041
3396,0.3672
3397,1.3176
3398,1.3264
3399,0.314
3400,1.5064
3401,0.308
3402,0.1739
3403,0.2125
3404,0.8548
3405,0.198
3406,1.3459
3407,0.3196
3408,0.3372
3409,0.8397
3410,0.2214
3411,1.5402
3412,0.3886
3413,0.4126
3414,0.3041
3415,0.8985
3416,0.5263
3417,1.8509
3418,1.419
3419,0.2958
3420,0.1369
3421,0.4877
3422,0.4302
3423,0.2584
3424,0.3156
3425,0.2911
3426,0.8369
3427,0.1434
3428,1.3515
3429,1.2114
3430,1.3308
3431,1.3476
3432,0.2267
3433,0.3194
3434,0.4378
3435,1.2844
3436,1.0823
3437,1.097
3438,0.6637
3439,0.6967
3440,0.888
3441,0.8919
3442,0.9693
3443,0.345
3444,1.4441
3445,0.7168
3446,0.6543
3447,0.5599
3448,1.5645
3449,1.5172
3450,0.2531
3451,0.4489
3452,0.2852
3453,0.2535
3454,1.7775
3455,1.7931
3456,1.1736
3457,0.2059
3458,0.5918
3459,0.3005
3460,2.2549
3461,1.5094
3462,7.5922
3463,1.4924
3464,0.4293
3465,0.8828
3466,0.5948
3467,0.5437
3468,0.7909
3469,0.5011
3470,1.1667
3471,0.4689
3472,1.5967
3473,0.4937
3474,2.671
3475,0.5135
3476,0.656
3477,0.2849
3478,1.2425
3479,1.1846
3480,0.6762
3481,0.5371
3482,0.22
3483,0.2048
3484,0.2956
3485,0.3918
3486,1.779
3487,0.1946
3488,0.7556
3489,0.8798
3490,0.546
3491,0.3953
3492,1.9876
3493,1.556
3494,0.914
3495,0.3713
3496,1.0355
3497,0.1975
3498,1.7355
3499,1.0935
3500,0.3984
3501,0.7297
3502,1.1091
3503,0.3905
3504,1.5371
3505,0.4278
3506,1.7787
3507,0.2202
3508,1.3622
3509,0.2678
3510,0.2166
3511,2.646
3512,0.3644
3513,0.1726
3514,0.3048
3515,0.1198
3516,0.2167
3517,0.2817
3518,0.2093
3519,0.2946
3520,0.532
3521,2.1688
3522,2.0758
3523,2.2235
3524,0.2256
3525,0.2529
3526,0.2431
3527,1.6112
3528,0.2969
3529,0.6312
3530,0.2725
3531,2.5752
3532,0.5892
3533,0.5752
3534,0.7245
3535,0.7762
3536,0.329
3537,0.6742
3538,0.509
3539,0.2948
3540,0.3163
3541,0.2869
3542,0.4949
3543,0.2503
3544,0.6026
3545,0.3954
3546,1.5435
3547,1.8588
3548,0.4936
3549,3.3567
3550,0.6232
3551,0.2647
3552,0.5173
3553,0.3953
3554,0.6825
3555,1.8619
3556,0.5541
3557,1.0878
3558,0.6764
3559,0.8728
3560,2.8078
3561,0.3229
3562,1.9971
3563,1.5058
3564,1.9133
3565,0.3234
3566,0.3274
3567,2.0693
3568,2.2223
3569,0.227
3570,0.5359
3571,0.3617
3572,0.382
3573,0.5925
3574,2.1205
3575,0.2421
3576,1.2115
3577,0.6276
3578,0.152
3579,2.0746
3580,2.4545
3581,0.2399
3582,1.9354
3583,0.1739
3584,1.012
3585,1.1247
3586,0.8846
3587,0.6679
3588,0.5402
3589,0.2703
3590,0.4774
3591,0.3473
3592,1.5728
3593,0.2562
3594,1.3189
3595,1.46
3596,0.3685
3597,2.8937
3598,0.2319
3599,0.8102
3600,1.276
3601,0.3073
3602,0.8838
3603,0.6842
3604,0.1284
3605,2.2043
3606,2.0305
3607,0.5322
3608,0.2956
3609,1.3169
3610,0.5299
3611,3.4838
3612,1.4546
3613,0.1168
3614,2.2432
3615,0.3065
3616,1.5412
3617,0.5097
3618,1.5874
3619,1.74
3620,0.5886
3621,0.483
3622,1.6705
3623,0.4031
3624,1.4129
3625,0.2849
3626,1.4956
3627,1.6346
3628,0.3425
3629,1.3305
3630,0.5416
3631,0.1977
3632,0.3321
3633,1.5336
3634,0.2653
3635,0.4984
3636,0.1624
3637,0.6972
3638,0.9674
3639,1.3856
3640,0.7294
3641,0.4668
3642,1.1401
3643,0.3379
3644,2.4432
3645,0.4981
3646,0.3827
3647,0.3142
3648,1.2382
3649,0.9703
3650,0.3634
3651,1.6854
3652,0.5952
3653,0.4048
3654,0.1695
3655,0.1698
3656,0.1536
3657,1.8701
3658,0.3543
3659,0.2463
3660,1.9621
3661,0.5536
3662,0.4534
3663,0.4719
3664,1.7378
3665,0.3626
3666,0.2549
3667,0.4429
3668,0.4659
3669,1.8575
3670,0.5514
3671,0.6286
3672,0.9085
3673,1.4326
3674,0.4459
3675,0.7946
3676,0.4202
3677,1.4674
3678,0.9519
3679,1.6965
3680,0.3187
3681,1.4506
3682,0.8759
3683,0.6907
3684,1.2881
3685,0.4673
3686,1.3686
3687,0.4553
3688,1.9737
3689,0.3033
3690,0.2322
3691,0.1406
3692,0.2138
3693,0.1967
3694,0.1214
3695,0.122
3696,1.2547
3697,2.0778
3698,0.4657
3699,0.3793
3700,0.9114
3701,0.3562
3702,0.7436
3703,0.2397
3704,0.5385
3705,0.5902
3706,0.7784
3707,0.4442
3708,0.3005
3709,0.3625
3710,0.9998
3711,1.1082
3712,1.9735
3713,0.271
3714,1.2436
3715,0.8818
3716,0.8216
3717,0.4832
3718,0.3851
3719,0.7739
3720,0.8144
3721,1.2625
3722,0.3927
3723,0.6551
3724,1.5764
3725,0.6601
3726,1.2676
3727,0.3154
3728,0.4737
3729,1.6784
3730,2.2254
3731,0.6921
3732,0.4796
3733,1.4544
3734,1.3612
3735,0.8469
3736,0.8919
3737,0.9851
3738,1.1232
3739,1.353
3740,1.1591
3741,0.7296
3742,0.181
3743,1.3096
3744,1.1387
3745,0.7645
3746,0.4042
3747,1.5099
3748,0.3987
3749,1.0545
3750,0.4064
3751,1.0648
3752,0.3609
3753,0.138
3754,0.4555
3755,0.8686
3756,1.328
3757,2.2245
3758,0.4111
3759,1.5409
3760,3.0014
3761,2.0902
3762,0.1658
3763,0.6061
3764,1.7683
3765,0.3341
3766,0.3002
3767,0.5726
3768,1.3642
3769,2.3593
3770,0.1883
3771,2.1741
3772,0.3627
3773,2.2424
3774,0.2841
3775,1.3396
3776,0.7358
3777,1.3045
3778,0.2852
3779,1.0379
3780,0.7356
3781,0.8786
3782,1.0113
3783,0.4667
3784,2.013
3785,1.2932
3786,0.3984
3787,1.4688
3788,0.1651
3789,0.2941
3790,2.5363
3791,1.237
3792,0.6886
3793,1.8219
3794,1.7084
3795,0.2892
3796,2.5917
3797,2.3758
3798,3.2327
3799,2.7222
3800,0.5077
3801,0.7884
3802,1.6236
3803,0.4169
3804,0.4103
3805,0.5943
3806,1.4138
3807,2.2373
3808,0.6752
3809,0.7825
3810,4.1584
3811,0.953
3812,1.7585
3813,0.6142
3814,1.6057
3815,0.4102
3816,0.7132
3817,0.7444
3818,2.2932
3819,1.1907
3820,1.3355
3821,1.6059
3822,0.7236
3823,0.3545
3824,2.0708
3825,0.5119
3826,0.7951
3827,0.8512
3828,0.2898
3829,0.8982
3830,0.471
3831,0.4689
3832,1.1084
3833,0.4171
3834,1.4589
3835,0.3392
3836,0.5291
3837,0.7272
3838,1.485
3839,0.3412
3840,1.5239
3841,1.9247
3842,0.2082
3843,1.3449
3844,0.4558
3845,1.6183
3846,0.3273
3847,0.5851
3848,0.3498
3849,0.5042
3850,0.8686
3851,1.1209
3852,0.4939
3853,0.7831
3854,0.4774
3855,1.639
3856,1.1551
3857,0.6796
3858,1.2163
3859,0.6122
3860,0.9419
3861,1.2014
3862,0.5869
3863,1.5035
3864,2.6535
3865,2.2992
3866,0.5392
3867,0.362
3868,0.4448
3869,0.2635
3870,0.3927
3871,0.2968
3872,4.9696
3873,0.4402
3874,0.72
3875,0.3892
3876,0.128
3877,2.3301
3878,0.3169
3879,1.3746
3880,1.0783
3881,1.3802
3882,2.5033
3883,0.3644
3884,1.3047
3885,0.3976
3886,1.4472
3887,0.5028
3888,0.329
3889,1.5808
3890,1.5636
3891,1.5488
3892,0.7146
3893,1.0799
3894,2.0268
3895,2.3286
3896,0.361
3897,0.6746
3898,0.1661
3899,1.6883
3900,1.2653
3901,0.8561
3902,0.3438
3903,0.3407
3904,0.3724
3905,0.1952
3906,0.2675
3907,0.2632
3908,1.8625
3909,2.4691
3910,0.4658
3911,0.5257
3912,2.4266
3913,0.3314
3914,0.5181
3915,2.0942
3916,0.3365
3917,0.3833
3918,0.3547
3919,0.3015
3920,1.6567
3921,0.6854
3922,1.904
3923,1.0178
3924,0.7183
3925,1.2146
3926,0.6935
3927,1.098
3928,1.3823
3929,0.9599
3930,0.6109
3931,0.377
3932,1.5139
3933,0.5581
3934,0.6155
3935,2.0116
3936,0.2421
3937,2.1705
3938,0.2806
3939,0.3988
3940,0.636
3941,0.1895
3942,2.9646
3943,0.2577
3944,0.4619
3945,0.5086
3946,1.5522
3947,0.4993
3948,0.4645
3949,0.1209
3950,0.1369
3951,2.158
3952,2.0473
3953,1.6147
3954,0.2412
3955,0.3946
3956,0.6048
3957,1.2126
3958,1.1227
3959,1.3294
3960,0.9618
3961,1.2638
3962,0.5125
3963,0.6335
3964,0.3607
3965,0.3869
3966,0.5867
3967,0.599
3968,1.2634
3969,1.3988
3970,0.1939
3971,1.8632
3972,0.3211
3973,1.4214
3974,0.5119
3975,0.7747
3976,0.3323
3977,0.972
3978,0.2599
3979,0.5846
3980,0.5239
3981,1.8595
3982,2.2573
3983,0.4665
3984,0.2534
3985,0.5147
3986,0.3633
3987,0.8019
3988,0.9653
3989,0.9574
3990,0.7789
3991,0.4314
3992,0.4496
3993,0.966
3994,1.6422
3995,1.4388
3996,0.5055
3997,0.1646
3998,0.6588
3999,2.1251
4000,0.4699
4001,1.774
4002,0.4044
4003,0.2433
4004,0.3052
4005,2.7494
4006,0.4404
4007,0.479
4008,1.468
4009,0.3332
4010,0.6457
4011,0.6015
4012,0.1493
4013,0.2942
4014,0.3848
4015,1.7359
4016,0.4475
4017,1.4583
4018,0.2719
4019,0.8044
4020,1.8172
4021,1.4549
4022,0.2332
4023,1.5584
4024,0.2825
4025,0.1806
4026,0.2805
4027,0.1521
4028,3.172
4029,0.7273
4030,1.6627
4031,0.6784
4032,0.8836
4033,0.3212
4034,1.2158
4035,1.5743
4036,0.2575
4037,0.2833
4038,1.6473
4039,1.8423
4040,0.4086
4041,0.2795
4042,0.251
4043,0.4383
4044,0.441
4045,0.729
4046,0.4187
4047,0.4194
4048,0.3673
4049,0.2199
4050,0.2268
4051,0.3518
4052,0.1791
4053,2.6471
4054,2.4073
4055,1.2837
4056,1.454
4057,1.397
4058,0.2583
4059,1.7706
4060,1.1116
4061,1.0813
4062,1.0498
4063,1.0474
4064,0.3833
4065,0.7462
4066,1.5631
4067,0.7256
4068,1.5165
4069,0.4528
4070,0.722
4071,0.2024
4072,0.3456
4073,2.1497
4074,0.8324
4075,0.1918
4076,0.5805
4077,1.7979
4078,0.295
4079,1.5054
4080,1.1955
4081,0.3523
4082,0.2976
4083,1.3265
4084,0.55
4085,0.6432
4086,0.8175
4087,1.2543
4088,0.7095
4089,0.6782
4090,0.6725
4091,0.8356
4092,0.5838
4093,0.5619
4094,0.6105
4095,1.6936
4096,0.5626
4097,0.5835
4098,0.8105
4099,0.3632
4100,1.8481
4101,0.6349
4102,0.2391
4103,0.1662
4104,0.1879
4105,0.4108
4106,2.8281
4107,0.1441
4108,1.5955
4109,0.4616
4110,0.7427
4111,0.7662
4112,0.9979
4113,0.7959
4114,0.4547
4115,2.1746
4116,1.724
4117,0.4355
4118,1.5031
4119,0.5881
4120,0.5922
4121,0.6938
4122,0.3807
4123,0.4074
4124,0.7204
4125,2.1828
4126,0.5613
4127,0.4595
4128,0.6539
4129,1.5184
4130,0.5947
4131,0.4177
4132,1.4331
4133,0.4406
4134,1.8639
4135,0.8773
4136,0.2379
4137,0.6454
4138,0.6769
4139,1.1864
4140,0.2806
4141,0.6884
4142,0.8465
4143,1.5164
4144,0.5283
4145,0.559
4146,0.8059
4147,0.5637
4148,0.8338
4149,0.3493
4150,0.3262
4151,0.3648
4152,0.9971
4153,0.5006
4154,0.5433
4155,1.9388
4156,1.3598
4157,0.6562
4158,0.2391
4159,0.7326
4160,0.3082
4161,0.922
4162,0.5089
4163,1.3942
4164,0.3931
4165,0.7752
4166,0.4259
4167,0.9418
4168,0.2555
4169,0.5618
4170,0.8658
4171,0.5236
4172,0.8236
4173,0.3609
4174,0.316
4175,0.5542
4176,0.3097
4177,1.3431
4178,0.3263
4179,0.3874
4180,0.3337
4181,0.6043
4182,0.2331
4183,1.1572
4184,0.2864
4185,0.8616
4186,1.0349
4187,0.2236
4188,1.1744
4189,0.2809
4190,1.1174
4191,0.5691
4192,0.3735
4193,0.3654
4194,0.7649
4195,5.4938
4196,0.709
4197,1.5101
4198,0.6786
4199,1.4258
4200,1.0941
4201,0.8257
4202,2.705
4203,0.3753
4204,0.5459
4205,0.4272
4206,0.9467
4207,1.0497
4208,0.3097
4209,0.252
4210,1.1743
4211,1.0393
4212,0.1822
4213,0.2765
4214,1.2594
4215,1.8881
4216,0.7121
4217,0.5357
4218,0.6355
4219,0.2459
4220,0.2293
4221,1.3649
4222,0.4057
4223,0.2876
4224,0.5791
4225,0.9686
4226,2.1868
4227,0.6628
4228,1.5891
4229,1.4337
4230,0.6641
4231,1.3579
4232,0.3625
4233,3.4669
4234,0.2536
4235,0.3951
4236,1.9952
4237,1.1622
4238,0.9519
4239,0.2161
4240,0.3698
4241,0.9782
4242,2.0664
4243,0.5097
4244,1.2475
4245,1.5521
4246,0.6736
4247,0.3
4248,0.6051
4249,0.3067
4250,0.6042
4251,0.6712
4252,0.1488
4253,1.5176
4254,1.0816
4255,0.53
4256,0.228
4257,0.1501
4258,1.744
4259,0.1899
4260,0.7946
4261,0.3754
4262,0.2228
4263,1.8155
4264,0.2457
4265,0.3887
4266,1.4083
4267,0.6875
4268,0.2648
4269,1.3445
4270,0.5291
4271,0.3125
4272,0.56
4273,0.3945
4274,0.7748
4275,1.1233
4276,0.4789
4277,0.7867
4278,0.6324
4279,0.4274
4280,0.6835
4281,1.4622
4282,0.5267
4283,1.1211
4284,0.3656
4285,2.0458
4286,0.3407
4287,1.1268
4288,0.5797
4289,1.2803
4290,0.3675
4291,1.4794
4292,0.5902
4293,0.3007
4294,1.3493
4295,1.7684
4296,1.194
4297,1.7537
4298,0.3276
4299,3.9053
4300,1.3524
4301,1.1697
4302,3.3945
4303,0.6704
4304,0.7893
4305,0.5231
4306,0.2364
4307,0.8298
4308,0.1251
4309,1.264
4310,0.4702
4311,1.1673
4312,0.783
4313,3.9708
4314,2.1185
4315,0.989
4316,0.3944
4317,0.3177
4318,0.7253
4319,0.4073
4320,0.6049
4321,1.7444
4322,7.4105
4323,1.7041
4324,0.1898
4325,0.9929
4326,1.7069
4327,1.9765
4328,1.4428
4329,2.1367
4330,1.53
4331,0.2654
4332,0.4993
4333,0.4063
4334,1.4219
4335,0.6895
4336,1.0018
4337,0.8655
4338,1.015
4339,1.0054
4340,1.2392
4341,1.2716
4342,0.4476
4343,1.895
4344,0.2426
4345,1.5884
4346,0.2389
4347,0.5099
4348,0.8063
4349,1.1257
4350,0.1638
4351,1.2578
4352,1.1978
4353,0.5624
4354,0.7128
4355,1.0369
4356,0.4549
4357,0.6232
4358,0.4896
4359,0.3136
4360,1.0747
4361,0.9182
4362,0.4578
4363,1.5433
4364,0.6459
4365,1.3357
4366,0.3655
4367,0.3878
4368,0.5106
4369,0.6573
4370,1.4429
4371,0.5441
4372,1.1629
4373,1.7322
4374,1.0578
4375,1.7711
4376,0.3473
4377,1.21
4378,0.8757
4379,0.348
4380,1.037
4381,0.9852
4382,0.7876
4383,0.7484
4384,0.435
4385,1.139
4386,0.6601
4387,0.3846
4388,1.5303
4389,0.6413
4390,0.6159
4391,0.562
4392,1.1352
4393,0.6043
4394,1.2537
4395,1.2254
4396,0.4794
4397,0.6899
4398,1.3484
4399,2.0002
4400,0.9942
4401,0.7534
4402,0.7075
4403,1.5362
4404,1.4789
4405,1.2388
4406,1.2794
4407,0.4024
4408,0.8978
4409,0.6333
4410,1.2476
4411,0.1914
4412,1.9257
4413,0.3209
4414,0.4716
4415,2.6711
4416,0.2729
4417,2.8552
4418,2.0467
4419,0.9774
4420,0.5644
4421,0.4955
4422,0.7736
4423,1.101
4424,1.3759
4425,1.82
4426,1.6775
4427,0.7474
4428,1.1138
4429,0.7828
4430,0.3808
4431,0.5598
4432,1.3698
4433,2.4001
4434,0.3789
4435,0.24
4436,1.2577
4437,0.7486
4438,0.2853
4439,0.2781
4440,1.6581
4441,1.0083
4442,0.3817
4443,0.467
4444,0.7454
4445,0.9268
4446,0.8131
4447,0.492
4448,1.3046
4449,0.4757
4450,1.0917
4451,0.3941
4452,0.2413
4453,0.5203
4454,0.5191
4455,0.488
4456,0.5894
4457,0.2825
4458,2.0967
4459,0.2176
4460,1.5887
4461,1.5754
4462,1.8593
4463,1.1686
4464,0.3554
4465,0.2083
4466,0.2111
4467,0.1629
4468,1.1955
4469,0.6265
4470,2.2922
4471,0.7821
4472,0.6122
4473,1.4198
4474,0.7763
4475,0.6866
4476,0.9646
4477,1.2978
4478,1.0642
4479,1.1895
4480,1.1225
4481,0.8346
4482,1.1351
4483,0.6362
4484,1.0994
4485,0.6389
4486,0.9742
4487,1.6242
4488,0.1589
4489,0.9276
4490,1.8732
4491,1.0386
4492,1.2772
4493,0.5364
4494,3.1347
4495,0.9365
4496,0.8578
4497,0.7909
4498,0.4185
4499,1.7739
4500,0.8867
4501,0.4525
4502,0.5615
4503,0.3651
4504,0.5049
4505,0.484
4506,1.9986
4507,0.4423
4508,0.5725
4509,0.186
4510,1.5154
4511,1.3345
4512,0.2005
4513,0.187
4514,0.2836
4515,0.2255
4516,1.3586
4517,0.8149
4518,0.581
4519,1.6742
4520,0.6967
4521,0.9709
4522,0.9757
4523,0.6631
4524,2.3528
4525,1.7693
4526,0.809
4527,0.8907
4528,0.8365
4529,0.8904
4530,0.8127
4531,2.0091
4532,0.4804
4533,1.5873
4534,1.4963
4535,0.1117
4536,1.2097
4537,0.3104
4538,0.6008
4539,0.3986
4540,1.1887
4541,0.7411
4542,2.8564
4543,0.7814
4544,0.7866
4545,0.6161
4546,0.2247
4547,1.6149
4548,1.5854
4549,0.8375
4550,0.165
4551,0.5944
4552,0.744
4553,0.3081
4554,0.2228
4555,0.2238
4556,0.7375
4557,0.2122
4558,0.4519
4559,0.2148
4560,1.4167
4561,0.908
4562,3.7665
4563,0.96
4564,2.8283
4565,1.2958
4566,0.9538
4567,0.4357
4568,0.3458
4569,1.9218
4570,4.0726
4571,0.2872
4572,0.3337
4573,0.3027
4574,0.5775
4575,0.1851
4576,1.047
4577,0.3163
4578,0.1954
4579,0.1484
4580,1.2758
4581,0.8192
4582,1.0934
4583,1.8278
4584,0.9186
4585,0.4233
4586,0.3166
4587,0.5658
4588,1.6108
4589,1.0315
4590,0.2512
4591,0.7574
4592,1.2691
4593,0.1736
4594,0.8111
4595,0.3482
4596,0.9971
4597,1.4489
4598,0.3743
4599,0.5937
4600,0.7136
4601,0.9601
4602,0.3728
4603,0.5098
4604,0.8148
4605,0.4044
4606,1.3546
4607,1.037
4608,2.917
4609,1.0215
4610,0.3055
4611,0.9306
4612,0.6837
4613,1.2684
4614,0.2812
4615,1.3373
4616,0.7733
4617,2.8029
4618,0.4367
4619,1.3791
4620,0.4779
4621,0.8012
4622,0.1641
4623,0.4997
4624,0.3861
4625,1.5014
4626,0.3796
4627,1.556
4628,2.3878
4629,1.6471
4630,0.7816
4631,0.6394
4632,0.3263
4633,1.3865
4634,0.3602
4635,0.1086
4636,1.5953
4637,0.3255
4638,0.8281
4639,1.5286
4640,0.2977
4641,0.1474
4642,0.3286
4643,0.6708
4644,2.2494
4645,2.0807
4646,1.226
4647,3.4566
4648,0.4696
4649,1.336
4650,0.8799
4651,0.5971
4652,1.6382
4653,0.9051
4654,0.9106
4655,0.427
4656,0.3619
4657,1.459
4658,0.9203
4659,0.7499
4660,0.8817
4661,1.5048
4662,0.6729
4663,0.1422
4664,0.944
4665,0.3431
4666,4.2307
4667,0.6821
4668,0.679
4669,0.2785
4670,1.7029
4671,0.5757
4672,1.7835
4673,2.5742
4674,0.1909
4675,1.5126
4676,1.2819
4677,0.1818
4678,0.7367
4679,0.2962
4680,0.2347
4681,0.2215
4682,0.2989
4683,1.4908
4684,0.4549
4685,2.0874
4686,0.2743
4687,0.8889
4688,1.808
4689,0.9291
4690,2.1504
4691,0.5921
4692,0.5415
4693,0.486
4694,1.4062
4695,1.4903
4696,1.3389
4697,3.4898
4698,0.6245
4699,0.8382
4700,0.5978
4701,0.1432
4702,1.9692
4703,0.3623
4704,0.1923
4705,0.6081
4706,0.2343
4707,0.199
4708,2.2961
4709,0.2891
4710,0.16
4711,1.1188
4712,0.2739
4713,0.6967
4714,1.7023
4715,0.9564
4716,0.7811
4717,2.8332
4718,1.2046
4719,0.8849
4720,1.8739
4721,1.6588
4722,0.5313
4723,0.2488
4724,2.1513
4725,4.4094
4726,0.8728
4727,0.1557
4728,0.49
4729,2.3064
4730,1.7775
4731,0.2673
4732,0.2215
4733,4.7688
4734,0.2317
4735,1.3267
4736,0.5241
4737,0.2829
4738,1.4017
4739,0.9609
4740,0.3462
4741,1.9546
4742,0.8122
4743,0.8894
4744,1.1059
4745,1.2864
4746,0.2943
4747,1.6298
4748,0.185
4749,1.498
4750,1.292
4751,0.4031
4752,0.3218
4753,0.1453
4754,1.1983
4755,0.7607
4756,0.2661
4757,0.2691
4758,0.5457
4759,0.3885
4760,1.0886
4761,0.949
4762,0.5079
4763,0.2368
4764,2.5978
4765,0.3544
4766,0.4157
4767,1.4133
4768,0.9132
4769,0.7919
4770,0.3838
4771,1.6171
4772,1.6265
4773,1.5033
4774,0.3228
4775,0.3963
4776,1.0239
4777,0.2506
4778,1.1681
4779,0.7016
4780,1.6152
4781,0.8009
4782,0.4106
4783,0.9024
4784,1.8742
4785,0.5119
4786,0.5281
4787,1.4699
4788,0.9128
4789,0.1984
4790,0.9121
4791,0.2145
4792,1.0586
4793,0.3109
4794,0.466
4795,1.1111
4796,1.2672
4797,0.5986
4798,1.3338
4799,0.4336
4800,0.3156
4801,0.4032
4802,0.4387
4803,0.4976
4804,1.1045
4805,1.5421
4806,0.8197
4807,0.3534
4808,1.5965
4809,0.2382
4810,0.4564
4811,0.92
4812,1.8028
4813,0.9478
4814,0.757
4815,0.8201
4816,0.574
4817,0.9732
4818,0.608
4819,0.4075
4820,0.6313
4821,0.6211
4822,0.1548
4823,0.4968
4824,0.6675
4825,1.9463
4826,1.5077
4827,1.5758
4828,0.376
4829,0.6894
4830,0.7815
4831,0.6723
4832,0.7776
4833,0.9751
4834,1.7242
4835,0.9184
4836,0.5114
4837,1.2784
4838,0.3057
4839,0.3263
4840,0.6268
4841,0.2235
4842,0.4504
4843,0.507
4844,0.157
4845,0.3128
4846,0.2533
4847,0.1607
4848,1.4448
4849,0.2104
4850,1.6044
4851,2.713
4852,1.5905
4853,1.4291
4854,1.5767
4855,0.411
4856,0.2733
4857,0.5507
4858,0.5396
4859,0.5255
4860,0.5146
4861,0.8477
4862,0.6069
4863,1.0456
4864,1.17
4865,0.2947
4866,1.3766
4867,1.2864
4868,0.4637
4869,0.8137
4870,0.8279
4871,1.09
4872,0.9928
4873,1.0793
4874,0.4815
4875,1.0034
4876,1.7315
4877,0.7196
4878,1.5646
4879,1.1635
4880,1.4289
4881,0.9555
4882,0.7263
4883,0.718
4884,0.9813
4885,1.1912
4886,0.4407
4887,0.2884
4888,0.2692
4889,1.0354
4890,1.2259
4891,0.7021
4892,0.4695
4893,1.676
4894,0.9526
4895,0.5899
4896,0.3412
4897,1.4061
4898,1.2315
4899,1.083
4900,0.2311
4901,0.7023
4902,0.4665
4903,1.999
4904,0.4566
4905,0.578
4906,0.4979
4907,0.4481
4908,0.1835
4909,0.3665
4910,0.7954
4911,0.2535
4912,0.4197
4913,0.8487
4914,0.2004
4915,0.4885
4916,0.4384
4917,1.7669
4918,1.9739
4919,1.6577
4920,0.6176
4921,0.3372
4922,0.4154
4923,0.3857
4924,0.3854
4925,0.6203
4926,1.2673
4927,0.5037
4928,0.7237
4929,2.1643
4930,1.4711
4931,0.5504
4932,1.2842
4933,2.0173
4934,0.5403
4935,0.7577
4936,0.8214
4937,0.4868
4938,0.3981
4939,0.5652
4940,0.4884
4941,1.5379
4942,1.6591
4943,1.0562
4944,0.132
4945,1.3258
4946,0.9301
4947,0.8384
4948,0.8988
4949,1.9358
4950,1.8146
4951,0.8657
4952,0.6115
4953,2.0876
4954,1.7178
4955,0.5188
4956,1.2176
4957,1.3077
4958,0.66
4959,0.7824
4960,1.5111
4961,0.3166
4962,0.5101
4963,0.7787
4964,0.4506
4965,0.4013
4966,0.4193
4967,0.5008
4968,1.6927
4969,1.7617
4970,0.9949
4971,0.6141
4972,0.8701
4973,0.238
4974,0.8198
4975,1.1059
4976,0.4421
4977,0.4705
4978,0.6533
4979,0.7914
4980,0.1844
4981,1.3207
4982,0.8936
4983,2.171
4984,1.0377
4985,0.5779
4986,0.6246
4987,1.3057
4988,0.4417
4989,0.5016
4990,0.55
4991,0.8313
4992,1.0957
4993,1.0798
4994,2.5046
4995,1.3018
4996,0.4904
4997,0.7384
4998,0.6495
4999,0.9097
5000,3.516
5001,0.3836
5002,1.7997
5003,1.2646
5004,0.7225
5005,0.6835
5006,0.3642
5007,0.847
5008,0.8085
5009,1.8587
5010,1.344
5011,0.6571
5012,1.0911
5013,0.3784
5014,1.9996
5015,0.3241
5016,0.8238
5017,0.371
5018,0.4212
5019,0.7593
5020,0.7754
5021,0.5992
5022,1.8066
5023,0.7477
5024,0.1838
5025,1.4946
5026,0.2037
5027,0.4392
5028,0.261
5029,0.4687
5030,0.4152
5031,1.268
5032,0.9611
5033,1.3649
5034,1.0055
5035,0.1523
5036,2.319
5037,0.9489
5038,0.8387
5039,1.0042
5040,1.8041
5041,0.5878
5042,1.3457
5043,0.7242
5044,0.3306
5045,0.3537
5046,1.8832
5047,0.331
5048,1.2727
5049,2.2239
5050,0.4828
5051,0.1632
5052,0.9149
5053,0.4619
5054,0.687
5055,0.4688
5056,1.4604
5057,1.218
5058,1.3931
5059,1.0781
5060,0.9713
5061,0.5225
5062,0.9358
5063,2.4323
5064,1.6899
5065,1.3598
5066,0.516
5067,1.7265
5068,1.1403
5069,0.7813
5070,0.611
5071,0.6215
5072,0.7174
5073,2.6801
5074,0.679
5075,1.3761
5076,0.6115
5077,0.6534
5078,1.1814
5079,0.6864
5080,0.5099
5081,1.4434
5082,1.2673
5083,0.4724
5084,0.2099
5085,1.2529
5086,0.8868
5087,0.488
5088,2.2044
5089,0.7939
5090,0.5142
5091,0.2366
5092,0.6251
5093,1.2717
5094,0.7331
5095,0.6575
5096,0.7682
5097,3.5421
5098,1.996
5099,0.2867
5100,0.2232
5101,0.3671
5102,1.3079
5103,1.3622
5104,1.2604
5105,1.1367
5106,1.3817
5107,3.4998
5108,1.2626
5109,1.0623
5110,0.4592
5111,0.3929
5112,1.6195
5113,0.65
5114,1.0807
5115,1.1433
5116,1.2579
5117,0.6289
5118,0.3257
5119,0.6744
5120,0.3989
5121,0.4372
5122,2.5821
5123,0.9349
5124,1.0901
5125,1.0071
5126,0.3208
5127,0.4271
5128,1.2125
5129,0.9371
5130,1.4677
5131,0.1958
5132,0.9141
5133,1.2405
5134,1.1216
5135,1.3486
5136,3.5419
5137,7.8558
5138,0.756
5139,0.8192
5140,0.9789
5141,0.4328
5142,0.2083
5143,0.28
5144,1.3722
5145,1.487
5146,0.8719
5147,1.0694
5148,0.2802
5149,0.4091
5150,1.6482
5151,0.6725
5152,0.6963
5153,0.3765
5154,1.3121
5155,1.8438
5156,0.3254
5157,1.5689
5158,0.6277
5159,0.1349
5160,0.1993
5161,0.2056
5162,4.116
5163,0.6558
5164,1.5313
5165,1.3915
5166,0.9887
5167,0.3394
5168,0.511
5169,1.2484
5170,1.7597
5171,0.6894
5172,0.6131
5173,0.7561
5174,0.1735
5175,0.8626
5176,1.072
5177,0.3151
5178,0.6386
5179,1.8548
5180,1.5922
5181,0.6866
5182,0.4088
5183,0.7612
5184,0.4568
5185,0.2745
5186,0.5999
5187,0.4516
5188,0.2831
5189,0.5354
5190,1.3842
5191,1.3333
5192,1.1333
5193,0.3298
5194,0.1024
5195,1.7468
5196,0.3363
5197,1.2811
5198,0.4207
5199,3.5459
5200,0.5711
5201,3.6016
5202,1.2197
5203,0.5482
5204,0.3722
5205,0.268
5206,0.8947
5207,0.8466
5208,1.1889
5209,0.7328
5210,0.6496
5211,1.8198
5212,0.7549
5213,0.1542
5214,0.2465
5215,1.2288
5216,0.9708
5217,0.2405
5218,1.082
5219,0.7865
5220,1.4845
5221,0.5917
5222,0.639
5223,0.414
5224,0.5914
5225,0.6141
5226,0.5091
5227,0.8276
5228,1.7144
5229,0.4999
5230,0.9318
5231,0.8616
5232,0.4369
5233,0.2611
5234,0.4222
5235,0.7077
5236,0.9077
5237,0.7644
5238,0.2804
5239,0.4861
5240,0.5336
5241,0.8157
5242,1.6373
5243,0.5844
5244,0.7384
5245,1.2875
5246,0.3828
5247,0.3023
5248,0.2752
5249,5.2671
5250,0.3261
5251,0.1901
5252,0.2066
5253,1.6485
5254,0.8051
5255,1.2967
5256,0.6225
5257,0.4284
5258,1.3401
5259,0.3263
5260,1.0609
5261,1.0379
5262,0.5641
5263,0.4215
5264,0.3777
5265,0.2211
5266,1.673
5267,0.4533
5268,1.8715
5269,0.727
5270,1.4862
5271,1.1569
5272,0.2834
5273,1.9673
5274,0.9689
5275,0.6458
5276,0.462
5277,0.4028
5278,1.8118
5279,1.5483
5280,0.2099
5281,0.2822
5282,0.2995
5283,0.2486
5284,0.412
5285,0.2506
5286,1.6064
5287,0.1592
5288,1.0965
5289,0.4572
5290,0.3588
5291,1.547
5292,0.5181
5293,1.3987
5294,0.3065
5295,0.4228
5296,1.132
5297,0.5019
5298,1.2526
5299,0.27
5300,1.1103
5301,1.3979
5302,2.2335
5303,1.1975
5304,4.504
5305,0.8523
5306,0.2049
5307,0.7167
5308,1.0209
5309,1.0974
5310,0.4315
5311,0.6875
5312,1.1281
5313,0.8748
5314,0.4581
5315,1.5198
5316,1.6055
5317,1.2315
5318,1.2878
5319,0.3632
5320,1.287
5321,0.4055
5322,2.8046
5323,1.4688
5324,0.1681
5325,1.9458
5326,1.29
5327,0.4359
5328,0.9468
5329,0.2611
5330,0.929
5331,1.2894
5332,1.344
5333,0.5259
5334,0.2754
5335,1.8189
5336,0.4883
5337,0.9171
5338,0.929
5339,5.8369
5340,0.2404
5341,0.4102
5342,0.3044
5343,1.1025
5344,1.5445
5345,1.3419
5346,1.0297
5347,0.9015
5348,2.0382
5349,1.6577
5350,2.0427
5351,0.5662
5352,0.6584
5353,0.6188
5354,0.4799
5355,1.5312
5356,2.6586
5357,1.194
5358,1.2695
5359,2.1366
5360,0.5126
5361,1.4803
5362,0.3853
5363,1.7509
5364,1.9715
5365,0.3637
5366,0.6061
5367,0.2812
5368,1.6615
5369,0.2949
5370,0.484
5371,0.6314
5372,0.4121
5373,0.3801
5374,0.3409
5375,0.4892
5376,1.009
5377,0.6782
5378,0.9137
5379,0.3255
5380,0.533
5381,0.706
5382,0.4547
5383,0.3393
5384,0.6831
5385,0.7263
5386,1.3595
5387,2.2425
5388,0.5739
5389,0.8763
5390,0.9825
5391,1.0403
5392,0.3736
5393,1.0744
5394,0.9025
5395,1.499
5396,1.0178
5397,0.4963
5398,0.4295
5399,0.4253
5400,0.4311
5401,1.3305
5402,0.2745
5403,0.6179
5404,0.5496
5405,0.755
5406,0.8165
5407,0.1459
5408,0.3959
5409,0.336
5410,0.1687
5411,0.4444
5412,1.1534
5413,1.2337
5414,0.9596
5415,0.3113
5416,0.4031
5417,0.1968
5418,1.9441
5419,1.4219
5420,0.1343
5421,0.4632
5422,0.1945
5423,0.6399
5424,2.1815
5425,2.3487
5426,0.4279
5427,1.9389
5428,1.6866
5429,0.2646
5430,0.1028
5431,1.7237
5432,1.4832
5433,0.4407
5434,1.5359
5435,0.5471
5436,0.7364
5437,1.0301
5438,0.9938
5439,0.8565
5440,0.7417
5441,1.1359
5442,1.2507
5443,1.0206
5444,0.4279
5445,0.8759
5446,0.6864
5447,0.5182
5448,2.3981
5449,0.6756
5450,0.7135
5451,0.8532
5452,1.5351
5453,1.1648
5454,1.6457
5455,0.2744
5456,2.1549
5457,1.044
5458,0.8563
5459,1.3751
5460,0.7485
5461,0.4678
5462,1.3958
5463,0.4445
5464,0.2847
5465,1.5255
5466,0.5705
5467,1.5923
5468,1.1865
5469,0.9355
5470,1.3847
5471,1.3073
5472,0.8753
5473,1.2551
5474,0.8758
5475,1.8721
5476,0.4424
5477,1.9233
5478,1.8274
5479,0.8233
5480,0.3855
5481,1.3945
5482,1.3883
5483,1.898
5484,0.2996
5485,0.2411
5486,2.4212
5487,0.5914
5488,1.829
5489,0.4622
5490,0.3718
5491,0.1968
5492,0.2483
5493,1.7078
5494,1.452
5495,1.1994
5496,0.4512
5497,0.441
5498,1.4044
5499,0.6811
5500,1.3437
5501,2.2729
5502,0.5491
5503,0.5676
5504,0.5022
5505,0.8108
5506,0.9675
5507,0.3465
5508,0.7938
5509,0.7934
5510,0.3854
5511,0.4743
5512,0.1434
5513,2.2063
5514,0.5555
5515,1.4792
5516,1.3901
5517,0.8584
5518,0.1823
5519,1.7084
5520,1.3783
5521,1.4025
5522,1.4767
5523,0.2668
5524,1.0885
5525,0.2664
5526,0.9687
5527,0.3355
5528,0.1951
5529,0.3887
5530,0.6008
5531,0.5683
5532,1.8338
5533,0.1587
5534,0.3793
5535,1.7672
5536,0.3563
5537,1.3872
5538,2.3314
5539,1.0341
5540,1.4125
5541,1.6977
5542,0.3758
5543,0.3076
5544,2.5114
5545,0.277
5546,0.4718
5547,0.7405
5548,1.3679
5549,1.9146
5550,0.8438
5551,1.2515
5552,0.2738
5553,0.6156
5554,1.627
5555,0.6806
5556,1.2356
5557,0.5842
5558,0.5773
5559,1.4189
5560,0.2602
5561,1.4235
5562,0.489
5563,0.5701
5564,1.4811
5565,1.1167
5566,0.9246
5567,1.1912
5568,0.2248
5569,0.7248
5570,0.6752
5571,0.4667
5572,0.2903
5573,0.942
5574,1.2222
5575,0.5499
5576,0.4228
5577,1.2634
5578,1.0154
5579,0.9104
5580,1.0273
5581,0.9378
5582,0.5538
5583,1.7292
5584,0.6506
5585,0.5913
5586,0.6694
5587,0.3212
5588,0.6325
5589,0.8851
5590,0.6396
5591,0.8984
5592,1.1676
5593,0.8956
5594,0.4009
5595,0.1441
5596,0.2318
5597,0.5776
5598,0.8932
5599,0.4056
5600,0.4128
5601,0.9554
5602,0.7051
5603,0.6237
5604,0.4539
5605,1.1652
5606,1.0515
5607,0.7523
5608,1.284
5609,0.3608
5610,1.3719
5611,0.7815
5612,0.1417
5613,0.6188
5614,1.0139
5615,0.4359
5616,0.8216
5617,0.6656
5618,0.9773
5619,0.9069
5620,0.6881
5621,0.5081
5622,1.3828
5623,0.2296
5624,0.3086
5625,0.2888
5626,0.9047
5627,1.1463
5628,1.0086
5629,0.2979
5630,0.7221
5631,0.7566
5632,1.6223
5633,0.3027
5634,0.3283
5635,1.3234
5636,2.0223
5637,0.2615
5638,1.7617
5639,1.6666
5640,1.8822
5641,1.7736
5642,0.174
5643,0.2457
5644,1.1728
5645,0.3876
5646,0.8569
5647,0.6804
5648,0.6179
5649,0.8748
5650,0.4579
5651,2.149
5652,2.4317
5653,2.8226
5654,1.7238
5655,0.455
5656,1.2484
5657,0.1486
5658,1.3003
5659,0.6609
5660,1.0068
5661,0.3281
5662,0.704
5663,1.5642
5664,1.3583
5665,0.8422
5666,0.6927
5667,1.2158
5668,0.5894
5669,1.3883
5670,0.427
5671,1.3524
5672,1.311
5673,0.5257
5674,1.6345
5675,0.5722
5676,1.0497
5677,3.969
5678,1.4807
5679,0.2337
5680,0.4629
5681,0.4145
5682,0.3853
5683,0.4368
5684,0.4977
5685,2.115
5686,2.5697
5687,0.2378
5688,1.36
5689,1.6474
5690,0.3791
5691,1.6819
5692,0.7829
5693,3.3407
5694,2.1367
5695,3.8357
5696,0.725
5697,2.2053
5698,1.043
5699,0.2406
5700,0.2352
5701,0.3268
5702,0.4394
5703,1.9543
5704,0.6695
5705,0.8063
5706,1.0482
5707,1.0218
5708,0.8147
5709,1.3109
5710,0.4464
5711,0.3859
5712,0.4866
5713,1.0689
5714,1.1997
5715,0.9467
5716,0.9148
5717,0.4119
5718,0.8715
5719,1.5489
5720,0.4073
5721,0.3487
5722,1.0408
5723,0.8253
5724,1.067
5725,0.1818
5726,2.0009
5727,1.7445
5728,0.9767
5729,3.869
5730,0.1519
5731,0.205
5732,0.1391
5733,1.0928
5734,0.6037
5735,0.602
5736,3.7045
5737,0.4894
5738,0.5782
5739,0.9253
5740,0.9466
5741,0.5528
5742,1.524
5743,1.7349
5744,0.3434
5745,1.2132
5746,0.6976
5747,0.3636
5748,0.3903
5749,0.4171
5750,0.5415
5751,0.7117
5752,0.3552
5753,0.9778
5754,0.4577
5755,1.1013
5756,0.2263
5757,0.5247
5758,0.4457
5759,0.7848
5760,0.5881
5761,0.4604
5762,0.3967
5763,0.5576
5764,0.2483
5765,0.5783
5766,0.2808
5767,0.37
5768,2.3219
5769,0.176
5770,0.1604
5771,0.1198
5772,0.3436
5773,2.2659
5774,1.2664
5775,0.6506
5776,0.5606
5777,1.4718
5778,0.6619
5779,0.3421
5780,0.1524
5781,1.363
5782,1.6621
5783,0.5408
5784,0.5616
5785,0.3449
5786,0.1931
5787,0.589
5788,0.604
5789,1.0654
5790,1.5776
5791,0.5839
5792,0.6009
5793,1.4971
5794,1.1454
5795,1.4467
5796,0.4909
5797,0.6892
5798,0.7522
5799,0.4048
5800,0.2344
5801,1.8079
5802,0.7675
5803,0.708
5804,1.3279
5805,0.5028
5806,7.989
5807,1.2049
5808,0.5532
5809,0.4052
5810,0.2475
5811,0.4786
5812,0.6011
5813,0.2793
5814,2.6259
5815,2.0626
5816,2.4523
5817,2.0707
5818,3.7739
5819,0.1193
5820,0.4626
5821,0.4497
5822,0.2092
5823,2.0609
5824,0.353
5825,0.6231
5826,0.3355
5827,1.9754
5828,1.8171
5829,0.5134
5830,0.1898
5831,0.6049
5832,1.6675
5833,0.5035
5834,1.3521
5835,1.4226
5836,1.4752
5837,1.4619
5838,0.7105
5839,1.2691
5840,1.2891
5841,0.9246
5842,0.8822
5843,1.9
5844,0.9486
5845,0.3453
5846,1.0308
5847,0.8694
5848,0.97
5849,0.8961
5850,1.0304
5851,1.4658
5852,1.3361
5853,0.3717
5854,0.3666
5855,0.3102
5856,2.3909
5857,0.1883
5858,1.5456
5859,0.4544
5860,0.3745
5861,1.9958
5862,0.2529
5863,3.0892
5864,0.3163
5865,3.0703
5866,0.3482
5867,2.8512
5868,0.51
5869,3.0677
5870,2.1129
5871,1.379
5872,0.8631
5873,1.1718
5874,0.7028
5875,0.6093
5876,1.5171
5877,1.6065
5878,0.4277
5879,0.5449
5880,0.3963
5881,0.7366
5882,0.3765
5883,1.2849
5884,1.6987
5885,2.0861
5886,2.1007
5887,2.0255
5888,0.5182
5889,0.7039
5890,1.5845
5891,1.659
5892,2.1495
5893,2.2134
5894,2.0597
5895,0.6063
5896,0.3499
5897,0.4112
5898,0.4414
5899,3.3984
5900,0.4069
5901,0.7222
5902,1.2667
5903,1.8859
5904,0.1983
5905,1.9081
5906,0.4527
5907,0.4084
5908,0.5518
5909,0.5791
5910,0.57
5911,0.2521
5912,0.6022
5913,0.4358
5914,0.5792
5915,0.4126
5916,0.1861
5917,0.1819
5918,0.9366
5919,0.4358
5920,0.5327
5921,0.2925
5922,0.2953
5923,0.2505
5924,0.417
5925,2.0506
5926,0.1683
5927,1.8382
5928,2.038
5929,2.021
5930,2.7095
5931,0.2073
5932,0.1845
5933,2.5016
5934,0.1278
5935,2.4704
5936,0.1819
5937,2.6483
5938,2.1208
5939,0.2715
5940,0.6092
5941,0.2453
5942,0.3813
5943,0.4413
5944,1.7874
5945,0.4902
5946,1.7746
5947,0.3534
5948,1.9422
5949,0.2986
5950,0.3984
5951,0.5471
5952,0.4744
5953,0.4728
5954,1.7934
5955,0.273
5956,0.3273
5957,0.2882
5958,0.4862
5959,0.9066
5960,1.836
5961,1.7265
5962,0.8863
5963,1.4643
5964,1.8343
5965,0.4236
5966,0.3282
5967,0.2882
5968,0.2162
5969,2.0666
5970,0.1237
5971,1.7215
5972,2.0793
5973,0.715
5974,0.4997
5975,2.4424
5976,0.2776
5977,1.5781
5978,0.5972
5979,2.1087
5980,0.1743
5981,0.5308
5982,1.4627
5983,0.3674
5984,0.4568
5985,1.8147
5986,0.2686
5987,2.1163
5988,2.2457
5989,0.2789
5990,2.1558
5991,0.3743
5992,2.3562
5993,0.2742
5994,0.2415
5995,0.154
5996,2.0885
5997,0.1772
5998,0.4351
5999,0.2811
6000,2.4612
6001,0.2164
6002,0.1977
6003,0.2987
6004,0.1166
6005,2.9127
6006,0.4135
6007,0.3496
6008,2.5489
6009,2.5582
6010,1.9135
6011,0.3481
6012,2.4431
6013,0.208
6014,0.4864
6015,0.2564
6016,1.912
6017,0.3928
6018,0.3603
6019,0.2397
6020,2.5805
6021,0.2821
6022,0.2345
6023,2.007
6024,2.1966
6025,0.6823
6026,1.6646
6027,0.6002
6028,0.5533
6029,0.6208
6030,0.7714
6031,0.685
6032,0.7037
6033,0.9757
6034,1.1007
6035,0.8276
6036,1.2303
6037,1.3034
6038,0.4957
6039,1.1595
6040,0.9421
6041,0.4388
6042,1.0487
6043,1.9946
6044,0.689
6045,1.7637
6046,0.5606
6047,0.7461
6048,1.2587
6049,0.5927
6050,1.4722
6051,2.0793
6052,1.7757
6053,1.851
6054,0.2417
6055,1.5673
6056,0.3031
6057,0.3663
6058,0.2701
6059,0.317
6060,0.3734
6061,0.6012
6062,0.5408
6063,0.7522
6064,1.022
6065,0.7205
6066,0.3975
6067,0.3294
6068,0.3096
6069,0.321
6070,3.2225
6071,0.3015
6072,3.0042
6073,0.2976
6074,0.4137
6075,0.1625
6076,0.2506
6077,0.3445
6078,0.2512
6079,0.2976
6080,3.086
6081,0.6078
6082,2.2393
6083,0.205
6084,0.2381
6085,0.2443
6086,0.4708
6087,0.2364
6088,1.5832
6089,2.9788
6090,0.2805
6091,0.1716
6092,0.2876
6093,0.2107
6094,0.39
6095,0.3144
6096,0.2383
6097,0.1726
6098,2.5408
6099,2.7427
6100,2.2701
6101,0.2183
6102,0.1991
6103,0.3313
6104,0.1985
6105,0.3056
6106,0.3774
6107,1.8329
6108,0.434
6109,0.8264
6110,0.1182
6111,0.8765
6112,1.773
6113,1.1753
6114,0.4397
6115,0.9346
6116,0.9972
6117,1.342
6118,1.2672
6119,0.7609
6120,1.2694
6121,1.3886
6122,1.4314
6123,0.2693
6124,0.3143
6125,1.425
6126,1.5594
6127,1.5854
6128,0.4126
6129,0.3826
6130,2.1033
6131,0.3062
6132,0.2964
6133,0.539
6134,0.4557
6135,2.1677
6136,2.6516
6137,0.2539
6138,2.9687
6139,2.2582
6140,0.3824
6141,0.2482
6142,0.2911
6143,0.5465
6144,2.1694
6145,0.4024
6146,0.2045
6147,2.9422
6148,3.1312
6149,0.212
6150,0.1279
6151,0.2975
6152,0.2785
6153,0.402
6154,0.2893
6155,0.963
6156,0.4155
6157,3.1532
6158,0.3846
6159,0.4258
6160,0.2558
6161,2.092
6162,0.5295
6163,0.1893
6164,1.6717
6165,1.16
6166,1.3754
6167,0.9817
6168,0.5339
6169,0.8764
6170,1.2215
6171,0.7871
6172,1.2655
6173,0.8923
6174,1.8118
6175,0.4959
6176,0.3607
6177,2.1801
6178,2.013
6179,0.5762
6180,0.5061
6181,0.394
6182,0.5692
6183,0.7596
6184,0.5259
6185,0.6991
6186,1.1303
6187,0.7962
6188,1.1035
6189,0.8133
6190,0.4753
6191,1.0061
6192,0.6259
6193,0.2669
6194,0.3157
6195,0.4499
6196,1.7342
6197,0.5713
6198,2.3813
6199,1.8286
6200,1.5162
6201,0.8358
6202,1.5985
6203,0.3023
6204,1.2444
6205,0.2203
6206,1.1192
6207,1.0487
6208,1.0095
6209,0.7338
6210,1.5768
6211,0.6962
6212,1.387
6213,0.246
6214,0.4089
6215,0.9536
6216,0.2257
6217,1.7109
6218,0.2065
6219,0.6693
6220,0.2963
6221,0.6832
6222,0.4079
6223,0.3417
6224,0.2508
6225,0.3708
6226,1.7094
6227,2.2593
6228,0.9335
6229,1.877
6230,0.8747
6231,0.9858
6232,2.3256
6233,1.4214
6234,1.226
6235,0.198
6236,1.3781
6237,0.7195
6238,1.3194
6239,1.0041
6240,0.9531
6241,1.096
6242,1.3085
6243,0.373
6244,0.4895
6245,1.1788
6246,0.8716
6247,1.408
6248,1.6953
6249,0.3548
6250,0.2478
6251,2.1149
6252,0.3723
6253,0.2412
6254,0.4838
6255,1.867
6256,0.4907
6257,0.435
6258,0.6329
6259,1.4839
6260,0.475
6261,0.3552
6262,2.635
6263,0.4639
6264,1.8507
6265,0.7636
6266,1.113
6267,0.7219
6268,0.8577
6269,0.789
6270,0.4588
6271,0.4366
6272,1.2498
6273,0.4258
6274,0.4812
6275,0.7483
6276,0.6688
6277,1.6627
6278,0.9462
6279,0.9864
6280,0.6978
6281,0.7729
6282,0.4326
6283,0.9217
6284,0.6373
6285,1.0691
6286,0.3673
6287,0.6324
6288,1.1499
6289,0.7068
6290,0.9957
6291,1.5506
6292,1.578
6293,0.9121
6294,0.6143
6295,0.4394
6296,0.4658
6297,1.9613
6298,2.8495
6299,0.2276
6300,0.2235
6301,0.4831
6302,0.251
6303,2.2099
6304,0.2761
6305,1.819
6306,2.2321
6307,0.3156
6308,2.2107
6309,1.9598
6310,2.1529
6311,1.7039
6312,0.2069
6313,0.2194
6314,0.2098
6315,2.2097
6316,1.9104
6317,0.2792
6318,1.1043
6319,0.3353
6320,0.3259
6321,1.7796
6322,0.9058
6323,0.5045
6324,1.4374
6325,1.3035
6326,0.1883
6327,1.358
6328,1.744
6329,1.3636
6330,1.5849
6331,0.7811
6332,0.7829
6333,0.7384
6334,0.9142
6335,1.5165
6336,0.7064
6337,0.6966
6338,1.7466
6339,0.266
6340,2.808
6341,2.445
6342,0.1914
6343,0.1927
6344,2.0219
6345,0.1788
6346,2.5009
6347,0.1788
6348,0.2821
6349,0.3241
6350,0.1657
6351,0.6182
6352,0.2979
6353,2.0067
6354,2.3143
6355,0.2168
6356,0.1257
6357,0.1586
6358,2.9726
6359,0.2193
6360,2.6446
6361,0.3099
6362,0.3011
6363,0.2741
6364,0.1318
6365,0.1746
6366,2.5633
6367,1.7463
6368,1.1704
6369,1.3816
6370,0.1872
6371,1.7147
6372,0.9024
6373,0.6021
6374,0.6042
6375,0.6045
6376,0.599
6377,1.0157
6378,1.513
6379,1.2265
6380,1.41
6381,1.0365
6382,0.9013
6383,1.1263
6384,0.7374
6385,0.6273
6386,0.7524
6387,2.0372
6388,0.8914
6389,1.1977
6390,1.9723
6391,0.2311
6392,0.3001
6393,0.2583
6394,0.3026
6395,2.6399
6396,0.3667
6397,2.0234
6398,0.328
6399,1.4535
6400,0.6599
6401,0.8197
6402,1.51
6403,0.6596
6404,0.5561
6405,0.5556
6406,0.7939
6407,0.5427
6408,0.6774
6409,0.9467
6410,1.1101
6411,0.567
6412,1.1101
6413,0.9165
6414,0.7902
6415,0.9076
6416,0.8916
6417,0.6877
6418,0.9074
6419,1.1995
6420,0.639
6421,1.149
6422,1.0546
6423,1.3079
6424,1.1562
6425,0.9232
6426,1.4163
6427,1.9093
6428,0.517
6429,2.1233
6430,2.1116
6431,0.4073
6432,0.3129
6433,0.1888
6434,1.461
6435,0.6496
6436,0.8995
6437,0.6631
6438,0.6942
6439,0.7486
6440,0.6818
6441,0.848
6442,1.3662
6443,0.5801
6444,0.289
6445,0.5288
6446,0.6884
6447,0.6669
6448,1.0493
6449,0.3755
6450,0.597
6451,1.4023
6452,0.3863
6453,0.3373
6454,0.9972
6455,0.4581
6456,0.5226
6457,0.5357
6458,0.6421
6459,0.8008
6460,0.5167
6461,0.4096
6462,0.285
6463,0.7427
6464,0.4356
6465,2.0151
6466,0.499
6467,0.3346
6468,0.3025
6469,1.967
6470,0.1679
6471,0.3099
6472,2.5326
6473,2.0674
6474,1.6247
6475,0.3191
6476,0.5037
6477,1.5316
6478,1.735
6479,2.0106
6480,0.1872
6481,3.1004
6482,2.0883
6483,0.2832
6484,2.0514
6485,0.3828
6486,0.7131
6487,1.6876
6488,0.2853
6489,0.7417
6490,1.5901
6491,0.7985
6492,1.027
6493,1.391
6494,1.4433
6495,1.2187
6496,1.4703
6497,0.2246
6498,1.1028
6499,1.6051
6500,0.5954
6501,0.3792
6502,1.702
6503,0.2719
6504,0.1533
6505,0.3107
6506,0.1836
6507,2.5716
6508,2.658
6509,1.8751
6510,0.3095
6511,0.3852
6512,0.2953
6513,0.2662
6514,1.7522
6515,0.3489
6516,0.4955
6517,0.5931
6518,2.389
6519,0.3051
6520,2.2293
6521,0.155
6522,2.2338
6523,0.658
6524,0.4113
6525,2.1682
6526,0.2886
6527,2.1772
6528,1.7411
6529,0.9687
6530,0.769
6531,0.3845
6532,1.5131
6533,0.7626
6534,0.489
6535,0.4122
6536,0.8049
6537,1.5114
6538,1.3573
6539,0.8141
6540,0.1873
6541,0.8243
6542,0.6252
6543,0.2241
6544,0.4592
6545,1.1477
6546,0.7208
6547,0.4936
6548,1.401
6549,0.549
6550,0.3382
6551,0.4864
6552,0.2476
6553,2.156
6554,2.014
6555,2.3139
6556,0.1492
6557,2.1078
6558,0.2534
6559,0.7463
6560,1.1484
6561,0.9809
6562,1.2376
6563,0.3341
6564,0.1741
6565,1.2747
6566,1.1846
6567,0.9506
6568,1.4373
6569,1.7096
6570,0.878
6571,0.5932
6572,0.5084
6573,0.2636
6574,0.4124
6575,1.4609
6576,0.4961
6577,1.6425
6578,2.0624
6579,0.3145
6580,1.686
6581,0.3901
6582,0.383
6583,0.1685
6584,0.1725
6585,0.1669
6586,0.1912
6587,0.3066
6588,0.448
6589,0.1978
6590,0.3256
6591,1.8183
6592,0.6699
6593,0.683
6594,0.7178
6595,0.8896
6596,1.0962
6597,0.2541
6598,1.2023
6599,1.0094
6600,0.9739
6601,1.0419
6602,1.232
6603,0.2494
6604,0.5104
6605,0.9289
6606,0.7485
6607,0.917
6608,0.8443
6609,1.0212
6610,0.9186
6611,0.6575
6612,1.4178
6613,0.623
6614,0.4457
6615,1.0527
6616,1.0226
6617,0.7678
6618,0.7454
6619,0.6417
6620,1.4435
6621,0.9224
6622,2.7256
6623,0.7939
6624,1.1917
6625,0.7079
6626,0.5822
6627,0.8831
6628,0.5627
6629,1.5824
6630,0.7375
6631,0.5559
6632,1.5205
6633,0.6121
6634,1.6474
6635,1.7024
6636,1.0594
6637,1.6314
6638,1.6302
6639,0.6734
6640,1.4472
6641,1.1439
6642,0.5414
6643,1.1098
6644,0.7748
6645,1.6843
6646,0.6994
6647,0.2412
6648,0.1563
6649,0.3857
6650,0.8349
6651,1.1076
6652,0.8477
6653,1.0235
6654,0.7588
6655,2.3654
6656,1.1985
6657,1.0092
6658,1.8771
6659,0.313
6660,0.4131
6661,3.259
6662,0.3206
6663,0.2143
6664,0.3921
6665,0.324
6666,0.4117
6667,0.271
6668,0.6458
6669,1.3091
6670,1.1458
6671,1.1028
6672,0.5719
6673,0.8135
6674,0.6158
6675,1.1364
6676,0.8924
6677,0.859
6678,0.7935
6679,0.4927
6680,0.9947
6681,1.3645
6682,1.1779
6683,0.3205
6684,1.339
6685,0.4795
6686,1.0778
6687,0.7259
6688,0.231
6689,0.7273
6690,1.5315
6691,0.7015
6692,0.7223
6693,0.1436
6694,0.6627
6695,1.5671
6696,0.6624
6697,1.6798
6698,0.2348
6699,0.4873
6700,0.2889
6701,0.3057
6702,1.7196
6703,0.3013
6704,1.8006
6705,0.3967
6706,0.1702
6707,0.2115
6708,0.2257
6709,0.3935
6710,0.2951
6711,0.2536
6712,1.7604
6713,1.6798
6714,0.1711
6715,0.1729
6716,1.0556
6717,1.3003
6718,1.4381
6719,1.3129
6720,1.1237
6721,0.491
6722,0.5845
6723,0.4677
6724,1.5549
6725,2.1592
6726,1.3607
6727,1.0526
6728,0.9488
6729,0.5967
6730,1.2314
6731,0.3619
6732,1.2143
6733,1.2701
6734,1.0808
6735,1.1334
6736,0.9507
6737,1.1744
6738,0.7286
6739,0.8283
6740,0.7486
6741,1.2377
6742,0.6131
6743,0.197
6744,0.58
6745,1.39
6746,2.0023
6747,0.235
6748,0.1703
6749,0.1708
6750,0.9595
6751,0.3524
6752,0.4688
6753,1.1239
6754,1.3257
6755,0.586
6756,1.0188
6757,0.4694
6758,0.7735
6759,0.4533
6760,1.2357
6761,0.7224
6762,0.7882
6763,1.4805
6764,0.6499
6765,0.24
6766,0.1804
6767,0.6128
6768,0.5813
6769,0.2481
6770,0.7948
6771,1.3158
6772,0.3912
6773,0.3203
6774,0.5158
6775,0.283
6776,1.7346
6777,0.4425
6778,0.2219
6779,1.537
6780,0.6806
6781,1.3048
6782,1.2607
6783,1.6162
6784,2.1276
6785,0.3286
6786,1.7079
6787,0.3113
6788,2.0926
6789,0.4209
6790,1.7782
6791,0.5297
6792,0.3016
6793,0.3856
6794,0.4598
6795,0.5308
6796,0.6364
6797,0.5757
6798,1.3838
6799,0.8227
6800,0.3826
6801,0.1482
6802,0.2377
6803,1.1499
6804,0.8364
6805,0.7259
6806,1.7826
6807,1.8977
6808,0.2218
6809,1.7336
6810,0.3279
6811,0.2403
6812,1.9041
6813,1.3312
6814,1.4537
6815,1.7875
6816,1.9784
6817,0.3836
6818,0.3277
6819,0.4553
6820,0.3975
6821,0.4988
6822,1.6877
6823,0.1263
6824,0.5998
6825,0.6056
6826,1.2992
6827,0.8167
6828,0.3107
6829,0.58
6830,0.7271
6831,0.8915
6832,0.64
6833,0.4871
6834,0.8918
6835,0.1688
6836,0.2956
6837,0.1188
6838,0.1629
6839,0.2394
6840,0.371
6841,0.6195
6842,0.3595
6843,0.4629
6844,0.4472
6845,1.024
6846,0.3763
6847,1.8153
6848,0.3329
6849,0.8687
6850,0.3106
6851,0.152
6852,0.2493
6853,1.2052
6854,1.1043
6855,0.5326
6856,1.1055
6857,1.324
6858,0.2292
6859,1.1045
6860,1.1007
6861,1.1001
6862,0.7106
6863,1.6368
6864,0.3082
6865,0.3194
6866,0.1968
6867,0.2082
6868,2.5017
6869,0.3414
6870,0.2953
6871,0.2256
6872,0.5005
6873,1.408
6874,0.3079
6875,0.5518
6876,1.5545
6877,0.2397
6878,0.1804
6879,0.1666
6880,0.6196
6881,1.5347
6882,0.5155
6883,0.962
6884,1.2103
6885,0.8389
6886,0.1646
6887,0.2675
6888,0.7293
6889,1.7159
6890,1.867
6891,0.6569
6892,0.3547
6893,0.6915
6894,0.4218
6895,2.417
6896,0.1919
6897,0.1289
6898,1.6928
6899,1.5726
6900,0.3361
6901,0.3938
6902,0.5468
6903,0.3554
6904,2.2401
6905,0.1988
6906,2.283
6907,0.4327
6908,0.1541
6909,1.6467
6910,1.6328
6911,0.3785
6912,0.3154
6913,1.7755
6914,1.7489
6915,0.6322
6916,0.1965
6917,1.6135
6918,0.3609
6919,2.1279
6920,0.5768
6921,1.7528
6922,1.8569
6923,0.5062
6924,0.307
6925,0.3806
6926,0.3134
6927,0.482
6928,2.4243
6929,0.2991
6930,0.1692
6931,0.2449
6932,0.1443
6933,0.2143
6934,0.2794
6935,2.4878
6936,2.7728
6937,1.9007
6938,2.2747
6939,0.3058
6940,0.7128
6941,0.3128
6942,0.4234
6943,3.2945
6944,2.0507
6945,0.8329
6946,0.2927
6947,1.0582
6948,1.1905
6949,1.1793
6950,0.3331
6951,0.8655
6952,1.4126
6953,0.3491
6954,2.2827
6955,2.0816
6956,2.2218
6957,0.3839
6958,0.2324
6959,0.2239
6960,0.2729
6961,2.9798
6962,0.224
6963,0.2242
6964,0.3157
6965,0.1389
6966,2.4063
6967,1.6386
6968,0.7143
6969,1.2544
6970,1.3894
6971,0.2829
6972,1.0593
6973,1.5323
6974,0.5758
6975,0.2673
6976,0.5905
6977,0.8373
6978,1.038
6979,0.3754
6980,2.4136
6981,0.1734
6982,0.5386
6983,0.3356
6984,2.3618
6985,2.6481
6986,0.2518
6987,0.4617
6988,0.3812
6989,0.9444
6990,2.2649
6991,2.4004
6992,0.1672
6993,0.5576
6994,0.1381
6995,0.3287
6996,0.2208
6997,0.372
6998,1.9472
6999,0.5591
7000,0.1931
7001,0.5837
7002,0.6249
7003,0.173
7004,1.6484
7005,0.4051
7006,1.0303
7007,1.2325
7008,1.1837
7009,0.2399
7010,0.9953
7011,1.6283
7012,1.7249
7013,0.6439
7014,1.6821
7015,0.2438
7016,0.3673
7017,0.2555
7018,2.3582
7019,0.4718
7020,0.3412
7021,0.2793
7022,0.2507
7023,2.0415
7024,0.4746
7025,0.2346
7026,0.3453
7027,0.4775
7028,0.3704
7029,1.9273
7030,0.4278
7031,0.3471
7032,0.2563
7033,1.7412
7034,0.4546
7035,1.894
7036,0.3188
7037,1.6649
7038,0.4998
7039,0.6726
7040,0.386
7041,1.4337
7042,0.1566
7043,0.5651
7044,1.914
7045,0.6666
7046,0.3521
7047,1.0302
7048,1.1326
7049,1.1689
7050,0.6942
7051,0.5834
7052,1.0511
7053,0.7673
7054,0.4979
7055,1.6634
7056,1.1194
7057,1.055
7058,1.3667
7059,0.89
7060,0.5539
7061,0.5
7062,0.8685
7063,1.0217
7064,0.784
7065,1.0672
7066,0.8863
7067,1.2197
7068,0.7377
7069,0.762
7070,0.6004
7071,0.3629
7072,1.245
7073,0.5952
7074,0.8173
7075,1.9652
7076,0.2153
7077,1.0391
7078,0.4519
7079,0.5405
7080,0.7446
7081,0.9809
7082,1.3714
7083,0.7509
7084,1.1728
7085,1.5464
7086,1.1222
7087,0.3931
7088,1.4704
7089,0.2182
7090,0.4778
7091,2.1641
7092,0.5164
7093,0.5852
7094,0.5528
7095,2.2801
7096,0.6
7097,0.8217
7098,0.5285
7099,0.4391
7100,1.2912
7101,0.6732
7102,0.39
7103,0.9555
7104,1.4169
7105,1.0395
7106,1.0552
7107,0.3995
7108,1.489
7109,0.1953
7110,0.3948
7111,0.9645
7112,1.3175
7113,1.9366
7114,1.0387
7115,0.2184
7116,1.7574
7117,0.2064
7118,0.3295
7119,0.2631
7120,0.4709
7121,0.8166
7122,0.5531
7123,1.9167
7124,0.4878
7125,0.7779
7126,1.3076
7127,1.7838
7128,0.5378
7129,0.3833
7130,0.7355
7131,0.2453
7132,1.3814
7133,0.2299
7134,0.2079
7135,0.5272
7136,0.5446
7137,0.2664
7138,2.0283
7139,0.1954
7140,2.1125
7141,2.1456
7142,0.5507
7143,0.4672
7144,1.6065
7145,1.7335
7146,0.2515
7147,0.3563
7148,0.4298
7149,0.9323
7150,1.0939
7151,1.8851
7152,0.7591
7153,0.6302
7154,0.5135
7155,0.5947
7156,0.5113
7157,0.5249
7158,1.1056
7159,1.198
7160,1.3861
7161,0.5639
7162,0.4637
7163,0.8449
7164,1.1993
7165,0.9035
7166,0.5402
7167,1.319
7168,0.8503
7169,2.4775
7170,1.0934
7171,0.6009
7172,1.462
7173,0.5742
7174,0.496
7175,0.6762
7176,1.0242
7177,0.7296
7178,0.6506
7179,0.1469
7180,0.1282
7181,0.1291
7182,1.3084
7183,0.4746
7184,1.0915
7185,1.3368
7186,0.996
7187,2.1134
7188,0.4893
7189,0.4475
7190,0.5325
7191,0.4036
7192,2.1098
7193,0.2144
7194,0.9989
7195,1.3788
7196,0.3038
7197,1.3943
7198,1.3851
7199,0.2773
7200,1.4202
7201,0.3063
7202,0.2088
7203,0.5149
7204,0.2142
7205,1.3751
7206,0.9549
7207,1.3208
7208,1.4881
7209,0.8477
7210,0.4457
7211,0.8104
7212,1.5722
7213,0.5704
7214,0.4073
7215,2.6221
7216,0.2208
7217,0.7387
7218,0.6902
7219,2.3243
7220,2.1745
7221,0.2552
7222,0.4021
7223,0.1273
7224,0.1829
7225,0.2098
7226,0.2475
7227,2.393
7228,0.2093
7229,2.5604
7230,2.4083
7231,0.4408
7232,0.2321
7233,0.241
7234,0.369
7235,1.9636
7236,1.7756
7237,1.8179
7238,1.5986
7239,0.6536
7240,0.8572
7241,0.4726
7242,1.2157
7243,0.4578
7244,0.4291
7245,1.5075
7246,1.3549
7247,1.2877
7248,0.996
7249,0.3844
7250,0.3854
7251,1.5816
7252,1.5938
7253,0.332
7254,0.5309
7255,0.3111
7256,1.688
7257,1.6012
7258,1.2998
7259,0.7356
7260,0.9238
7261,1.0288
7262,0.7854
7263,0.278
7264,1.6279
7265,1.1961
7266,1.5051
7267,1.578
7268,1.4587
7269,1.3
7270,1.6169
7271,1.6367
7272,1.7426
7273,0.431
7274,0.4365
7275,0.4527
7276,0.5161
7277,1.4718
7278,3.0629
7279,0.2805
7280,0.6542
7281,0.3793
7282,0.3355
7283,0.183
7284,0.9849
7285,0.2336
7286,0.1916
7287,0.2374
7288,0.2626
7289,0.3253
7290,0.2759
7291,0.3732
7292,0.5182
7293,0.4675
7294,0.3402
7295,0.2647
7296,2.1901
7297,0.2317
7298,0.6774
7299,0.3573
7300,0.2316
7301,2.2449
7302,0.5363
7303,0.2798
7304,1.8593
7305,2.0546
7306,1.4895
7307,0.725
7308,0.4527
7309,0.7501
7310,1.2609
7311,0.5305
7312,1.3709
7313,2.0497
7314,2.3502
7315,0.1709
7316,0.222
7317,0.2623
7318,0.3021
7319,0.1305
7320,0.1437
7321,0.1534
7322,0.1789
7323,0.1123
7324,0.1077
7325,0.1573
7326,3.2004
7327,0.2264
7328,0.3232
7329,0.1639
7330,2.4447
7331,0.2762
7332,2.1926
7333,0.177
7334,2.0404
7335,2.335
7336,2.3387
7337,1.9129
7338,0.4734
7339,0.15
7340,1.7371
7341,0.4987
7342,1.3913
7343,0.298
7344,1.3658
7345,1.6961
7346,1.3525
7347,1.1096
7348,0.3763
7349,1.1851
7350,0.4597
7351,1.415
7352,1.338
7353,2.0596
7354,0.3132
7355,0.241
7356,0.1308
7357,2.6001
7358,0.1098
7359,0.4968
7360,1.9869
7361,0.1437
7362,0.5156
7363,2.1631
7364,0.3344
7365,0.2188
7366,0.3166
7367,0.3212
7368,0.6749
7369,0.1857
7370,0.4436
7371,0.4672
7372,0.4071
7373,0.2256
7374,0.3873
7375,2.2679
7376,0.3415
7377,0.2493
7378,3.1259
7379,0.3577
7380,0.3255
7381,0.1387
7382,0.2024
7383,0.3391
7384,2.5872
7385,0.1258
7386,0.1578
7387,0.1074
7388,0.1411
7389,0.3699
7390,0.4709
7391,0.3762
7392,0.3496
7393,2.8687
7394,1.8658
7395,0.4662
7396,2.0401
7397,1.8679
7398,2.1201
7399,0.3757
7400,0.2695
7401,0.3636
7402,1.7128
7403,2.0085
7404,0.2591
7405,2.0918
7406,2.168
7407,0.3863
7408,0.1914
7409,2.52
7410,0.2027
7411,2.0394
7412,1.848
7413,0.3438
7414,0.2139
7415,0.2254
7416,0.2409
7417,1.9387
7418,2.2844
7419,0.426
7420,1.7361
7421,2.4382
7422,0.5246
7423,1.6538
7424,0.7586
7425,1.1279
7426,1.2614
7427,0.5235
7428,0.4251
7429,0.6396
7430,0.4364
7431,0.4578
7432,4.1403
7433,1.6429
7434,0.7632
7435,1.1902
7436,0.6873
7437,1.0811
7438,1.4754
7439,0.7876
7440,1.0056
7441,0.8347
7442,2.3932
7443,1.5981
7444,1.4796
7445,0.5264
7446,0.5106
7447,1.9732
7448,1.5743
7449,0.8005
7450,0.7765
7451,0.9233
7452,0.8024
7453,1.5299
7454,0.5902
7455,1.1943
7456,0.8812
7457,0.9375
7458,0.5472
7459,0.6009
7460,0.3683
7461,0.5343
7462,2.1316
7463,0.9531
7464,0.1866
7465,1.9348
7466,0.9247
7467,1.3775
7468,2.114
7469,0.4194
7470,1.8189
7471,0.2392
7472,0.214
7473,0.5192
7474,0.3354
7475,1.4049
7476,0.5178
7477,0.4666
7478,0.4729
7479,1.353
7480,0.7919
7481,0.5123
7482,0.6041
7483,0.3768
7484,0.5997
7485,0.7533
7486,0.4586
7487,0.4354
7488,0.3225
7489,0.3418
7490,1.5238
7491,0.5688
7492,0.7123
7493,1.6172
7494,0.4737
7495,1.3848
7496,1.6738
7497,1.719
7498,0.3322
7499,0.4299
7500,0.4356
7501,0.1849
7502,0.4337
7503,2.4496
7504,2.0225
7505,0.5375
7506,0.3706
7507,0.4163
7508,1.2822
7509,0.8294
7510,1.2965
7511,1.6758
7512,0.8906
7513,0.413
7514,0.8206
7515,0.4115
7516,0.5149
7517,1.1578
7518,0.3388
7519,0.5601
7520,1.0481
7521,1.5194
7522,1.3796
7523,0.3446
7524,2.3311
7525,0.6882
7526,2.4549
7527,1.8384
7528,0.7568
7529,1.0249
7530,0.5411
7531,1.0858
7532,0.7802
7533,1.2561
7534,0.4227
7535,0.8705
7536,0.6972
7537,1.5357
7538,2.0723
7539,0.4439
7540,0.5335
7541,0.484
7542,2.2758
7543,0.5268
7544,0.9263
7545,0.9315
7546,0.6794
7547,0.9859
7548,0.8628
7549,1.0931
7550,4.6487
7551,0.8306
7552,1.6043
7553,0.6087
7554,0.6985
7555,1.4615
7556,0.7758
7557,0.949
7558,0.939
7559,0.6491
7560,0.9236
7561,1.2791
7562,1.6988
7563,0.8786
7564,1.3879
7565,1.2288
7566,0.2452
7567,1.0615
7568,1.0393
7569,0.4972
7570,0.3307
7571,1.0516
7572,0.7828
7573,1.3468
7574,0.2371
7575,1.2803
7576,0.2534
7577,0.2447
7578,1.8722
7579,1.3314
7580,0.4448
7581,0.8957
7582,1.2261
7583,1.5576
7584,0.3533
7585,1.0119
7586,1.4459
7587,0.9803
7588,0.7122
7589,0.3326
7590,1.378
7591,1.5204
7592,1.3506
7593,0.9434
7594,1.3858
7595,1.3431
7596,0.6162
7597,1.2392
7598,0.3244
7599,0.4488
7600,0.5735
7601,0.4903
7602,0.9117
7603,1.6198
7604,1.044
7605,0.2453
7606,1.9069
7607,1.8212
7608,1.0472
7609,0.6238
7610,0.6375
7611,1.3856
7612,1.481
7613,1.1978
7614,0.2898
7615,1.3471
7616,0.1589
7617,0.2564
7618,1.229
7619,1.9302
7620,0.5307
7621,2.0562
7622,0.8089
7623,0.4145
7624,1.9652
7625,0.1637
7626,1.3911
7627,0.4737
7628,1.0553
7629,1.0681
7630,0.9027
7631,0.166
7632,0.9363
7633,1.2194
7634,2.1843
7635,2.6636
7636,1.1781
7637,1.2457
7638,2.184
7639,2.2259
7640,0.225
7641,0.1639
7642,1.7128
7643,0.2723
7644,1.179
7645,0.6237
7646,0.9797
7647,0.1458
7648,0.5591
7649,0.4799
7650,0.7476
7651,0.2839
7652,0.2985
7653,0.5439
7654,0.1117
7655,0.3596
7656,2.2837
7657,0.1696
7658,2.5347
7659,2.2737
7660,0.3346
7661,0.3084
7662,0.2528
7663,0.3592
7664,2.1257
7665,1.784
7666,0.9277
7667,0.7974
7668,0.8699
7669,1.001
7670,1.7627
7671,0.969
7672,1.1331
7673,1.8092
7674,0.5809
7675,1.3741
7676,0.4004
7677,0.4207
7678,1.8639
7679,0.3555
7680,0.3548
7681,0.3845
7682,0.2
7683,0.3031
7684,0.2125
7685,1.6797
7686,0.8475
7687,0.6011
7688,1.8516
7689,0.1729
7690,0.3816
7691,0.2605
7692,0.2213
7693,2.4173
7694,0.3034
7695,0.2436
7696,0.3482
7697,0.2871
7698,2.82
7699,0.3739
7700,0.509
7701,0.4209
7702,0.4978
7703,0.3083
7704,0.3475
7705,1.878
7706,0.4295
7707,0.684
7708,1.7504
7709,1.8297
7710,0.6049
7711,1.9334
7712,0.218
7713,0.1992
7714,1.7497
7715,0.454
7716,1.6774
7717,2.0205
7718,0.1899
7719,1.791
7720,0.3628
7721,2.2407
7722,1.6817
7723,0.8685
7724,0.6721
7725,0.4702
7726,0.4042
7727,0.9009
7728,1.8862
7729,2.1789
7730,0.2749
7731,0.3146
7732,0.6908
7733,0.4037
7734,0.6263
7735,1.5574
7736,2.1417
7737,0.307
7738,0.8317
7739,0.8394
7740,0.6067
7741,1.4937
7742,0.7216
7743,0.3793
7744,1.8436
7745,1.8736
7746,1.5289
7747,0.3349
7748,0.6999
7749,1.2581
7750,0.3425
7751,1.5591
7752,1.28
7753,0.7892
7754,1.1803
7755,0.5736
7756,1.1685
7757,2.1151
7758,1.1524
7759,0.8639
7760,1.3904
7761,2.6463
7762,1.188
7763,1.7373
7764,1.2023
7765,0.4278
7766,1.7597
7767,1.4993
7768,0.9806
7769,1.2639
7770,1.3713
7771,0.5106
7772,0.3852
7773,0.9451
7774,0.9159
7775,1.5432
7776,1.0879
7777,0.4906
7778,2.045
7779,0.203
7780,2.3218
7781,0.458
7782,0.3908
7783,2.2146
7784,0.4178
7785,0.3003
7786,0.2881
7787,0.2123
7788,0.5383
7789,1.548
7790,0.214
7791,0.2041
7792,0.4049
7793,0.1779
7794,0.366
7795,0.5597
7796,0.2324
7797,0.3312
7798,0.2423
7799,0.2665
7800,0.2703
7801,0.3119
7802,0.7121
7803,0.2698
7804,0.555
7805,0.4672
7806,0.1981
7807,2.0984
7808,0.3236
7809,2.0382
7810,1.8855
7811,0.1256
7812,0.5062
7813,1.6153
7814,0.3587
7815,1.4018
7816,0.584
7817,1.0038
7818,1.7187
7819,0.7826
7820,0.3335
7821,0.5049
7822,0.2369
7823,0.6124
7824,0.6665
7825,1.5994
7826,0.7149
7827,0.8767
7828,1.4459
7829,1.5956
7830,0.4277
7831,0.1535
7832,0.3018
7833,0.7906
7834,0.6775
7835,0.272
7836,2.1404
7837,1.8757
7838,0.4184
7839,0.2052
7840,2.7173
7841,0.1441
7842,0.273
7843,0.2624
7844,2.4885
7845,2.4316
7846,0.2341
7847,1.7674
7848,0.3318
7849,0.1978
7850,0.2386
7851,2.1619
7852,1.6106
7853,0.2592
7854,0.3392
7855,0.7447
7856,0.4584
7857,0.9549
7858,1.336
7859,0.6891
7860,0.5696
7861,0.7946
7862,0.4693
7863,0.195
7864,0.3084
7865,0.2262
7866,0.2321
7867,2.6701
7868,0.1618
7869,2.9402
7870,2.3368
7871,2.5386
7872,0.4134
7873,0.4859
7874,0.1872
7875,2.25
7876,1.3417
7877,0.5361
7878,1.7649
7879,1.8459
7880,0.3837
7881,0.7108
7882,1.9566
7883,2.1351
7884,0.3781
7885,1.8969
7886,0.4912
7887,1.2373
7888,0.2433
7889,0.2372
7890,0.4219
7891,0.3124
7892,2.4784
7893,2.806
7894,2.9616
7895,1.1655
7896,0.6467
7897,1.3862
7898,1.5006
7899,0.7886
7900,0.9791
7901,0.9528
7902,1.0775
7903,0.9744
7904,1.3727
7905,0.4483
7906,0.2642
7907,0.5426
7908,0.549
7909,1.2052
7910,0.5294
7911,1.145
7912,0.7748
7913,0.5844
7914,1.139
7915,0.5589
7916,1.1002
7917,0.9996
7918,0.4917
7919,1.0951
7920,1.4203
7921,0.5147
7922,0.7909
7923,0.7822
7924,0.8594
7925,1.2283
7926,0.933
7927,1.0688
7928,0.9223
7929,0.9428
7930,0.8372
7931,0.3681
7932,1.2561
7933,0.4094
7934,0.2333
7935,1.9476
7936,2.0532
7937,0.424
7938,0.3373
7939,2.2139
7940,0.4504
7941,0.3882
7942,0.2537
7943,2.0476
7944,0.2561
7945,0.4528
7946,0.3267
7947,0.1259
7948,0.2892
7949,1.6646
7950,0.8742
7951,2.1401
7952,2.117
7953,1.5359
7954,0.182
7955,0.3634
7956,0.5353
7957,0.623
7958,0.3198
7959,1.1355
7960,1.014
7961,1.5537
7962,0.2048
7963,1.4854
7964,0.5546
7965,0.8258
7966,1.1048
7967,0.7691
7968,1.241
7969,0.9768
7970,0.6425
7971,1.5473
7972,1.5864
7973,1.2391
7974,0.2286
7975,1.6634
7976,0.2607
7977,1.0226
7978,0.2173
7979,0.9933
7980,1.0208
7981,0.1436
7982,0.4249
7983,0.8679
7984,0.8558
7985,1.1682
7986,1.0811
7987,1.1147
7988,0.9032
7989,0.7708
7990,1.0364
7991,0.6363
7992,0.7898
7993,0.6215
7994,0.6559
7995,0.4147
7996,0.3475
7997,0.398
7998,1.6012
7999,0.2853
8000,0.2883
8001,0.5898
8002,0.5687
8003,1.4555
8004,1.3035
8005,1.3934
8006,0.4513
8007,1.284
8008,1.3351
8009,0.9309
8010,0.3542
8011,1.3822
8012,0.337
8013,1.4606
8014,0.8218
8015,0.5199
8016,0.877
8017,1.0581
8018,0.5813
8019,1.3124
8020,0.92
8021,1.2612
8022,0.9655
8023,1.1402
8024,1.391
8025,0.9016
8026,1.5444
8027,0.5469
8028,1.1909
8029,0.7634
8030,1.0389
8031,0.6855
8032,1.2141
8033,0.7837
8034,0.8714
8035,0.5561
8036,0.4189
8037,0.5265
8038,3.1852
8039,0.3143
8040,0.1603
8041,0.2745
8042,0.258
8043,0.2204
8044,0.3353
8045,0.3776
8046,0.4083
8047,2.4681
8048,0.1497
8049,0.1718
8050,0.2867
8051,0.2196
8052,0.2323
8053,2.796
8054,2.6835
8055,2.1223
8056,1.8202
8057,0.4228
8058,2.0277
8059,0.5154
8060,0.4291
8061,0.5757
8062,0.8815
8063,1.7659
8064,2.0365
8065,1.5675
8066,0.3036
8067,0.1499
8068,1.8242
8069,0.1787
8070,2.3903
8071,0.533
8072,0.2353
8073,0.553
8074,2.2686
8075,0.4154
8076,0.4204
8077,0.2008
8078,0.4261
8079,2.2515
8080,0.5189
8081,1.7797
8082,0.2552
8083,0.7195
8084,0.986
8085,0.3294
8086,2.9225
8087,0.1978
8088,0.2517
8089,0.2541
8090,2.1698
8091,0.1181
8092,2.4947
8093,2.2506
8094,0.3175
8095,0.592
8096,1.8281
8097,1.6184
8098,1.2559
8099,0.3064
8100,0.1988
8101,0.6672
8102,1.5116
8103,0.297
8104,1.8163
8105,1.8692
8106,0.4824
8107,2.2604
8108,1.9811
8109,0.3098
8110,1.8497
8111,1.7275
8112,1.0422
8113,1.0633
8114,0.2937
8115,0.2383
8116,0.2451
8117,0.8725
8118,1.4086
8119,1.9573
8120,1.5964
8121,3.8228
8122,0.2211
8123,2.4446
8124,2.4272
8125,0.2419
8126,0.1308
8127,0.138
8128,0.2062
8129,2.3024
8130,0.3689
8131,0.4564
8132,0.2892
8133,0.8229
8134,0.6267
8135,0.3998
8136,0.4647
8137,0.1267
8138,0.3313
8139,2.1806
8140,1.7975
8141,0.5511
8142,0.5616
8143,0.8235
8144,2.0966
8145,2.2617
8146,1.3433
8147,1.1487
8148,0.3513
8149,0.4117
8150,0.3123
8151,1.0603
8152,0.5595
8153,1.1449
8154,0.3621
8155,1.2601
8156,1.0698
8157,1.2365
8158,0.5732
8159,0.5648
8160,1.503
8161,1.87
8162,0.7055
8163,1.7678
8164,1.9119
8165,0.1918
8166,2.0579
8167,0.3294
8168,0.4759
8169,0.2929
8170,0.7706
8171,1.1363
8172,1.2518
8173,0.5879
8174,0.557
8175,0.2166
8176,0.7755
8177,1.662
8178,0.5487
8179,1.4766
8180,0.7047
8181,1.4229
8182,0.2427
8183,0.1378
8184,3.3367
8185,1.1726
8186,1.2777
8187,1.564
8188,0.2814
8189,1.5709
8190,1.0811
8191,0.9708
8192,0.5132
8193,0.6134
8194,0.8137
8195,0.7594
8196,2.7366
8197,1.8109
8198,2.0444
8199,0.3765
8200,2.0422
8201,0.4258
8202,0.834
8203,0.2497
8204,0.1991
8205,0.7635
8206,0.82
8207,0.2159
8208,0.54
8209,0.4924
8210,0.7696
8211,1.1625
8212,0.4888
8213,1.1274
8214,1.8869
8215,0.3112
8216,0.3371
8217,0.1565
8218,0.2024
8219,0.4475
8220,0.2651
8221,1.9695
8222,0.232
8223,1.3612
8224,0.958
8225,1.1174
8226,1.4119
8227,0.2008
8228,0.1781
8229,1.4822
8230,0.4938
8231,1.1506
8232,0.9859
8233,0.8371
8234,0.846
8235,0.7449
8236,0.9203
8237,0.7503
8238,0.3868
8239,0.5338
8240,0.6567
8241,1.318
8242,1.2316
8243,0.4424
8244,0.2427
8245,0.4787
8246,0.4432
8247,0.1974
8248,1.1373
8249,0.278
8250,0.8231
8251,0.2652
8252,0.9237
8253,1.2182
8254,1.1549
8255,0.6952
8256,0.4424
8257,1.3962
8258,0.5219
8259,0.6303
8260,1.0308
8261,0.1498
8262,2.0502
8263,0.2516
8264,1.7879
8265,0.3359
8266,2.1523
8267,0.3903
8268,0.3485
8269,0.3448
8270,2.126
8271,2.1992
8272,2.2813
8273,1.9169
8274,0.2672
8275,0.4152
8276,0.4512
8277,0.2173
8278,0.7157
8279,0.3982
8280,0.3817
8281,0.4816
8282,0.4528
8283,0.8428
8284,0.5139
8285,0.318
8286,0.7126
8287,0.7298
8288,1.7599
8289,0.2256
8290,0.2847
8291,2.1144
8292,0.1698
8293,0.3666
8294,1.8661
8295,0.3725
8296,0.2215
8297,0.3813
8298,1.8259
8299,0.5991
8300,1.3905
8301,0.1665
8302,1.8747
8303,2.1147
8304,1.2059
8305,0.2358
8306,1.8902
8307,0.2563
8308,0.4428
8309,0.8045
8310,1.5904
8311,0.3338
8312,0.6137
8313,0.3897
8314,0.2337
8315,0.4979
8316,0.4385
8317,0.863
8318,0.8192
8319,1.1886
8320,0.9942
8321,1.1293
8322,0.5312
8323,0.7615
8324,0.8443
8325,1.0439
8326,1.8439
8327,0.8262
8328,0.9343
8329,0.7767
8330,0.3803
8331,1.3798
8332,0.7106
8333,0.649
8334,1.191
8335,0.8553
8336,0.1558
8337,0.1248
8338,0.7396
8339,0.4742
8340,0.2923
8341,1.4121
8342,1.6063
8343,2.3081
8344,0.2794
8345,2.0129
8346,0.1735
8347,0.1838
8348,0.3863
8349,1.8472
8350,0.4792
8351,0.6942
8352,0.2536
8353,1.6802
8354,1.5193
8355,0.3591
8356,0.3184
8357,0.144
8358,1.4783
8359,1.3619
8360,2.5172
8361,1.1813
8362,0.2396
8363,0.2487
8364,0.218
8365,0.3592
8366,0.4809
8367,0.4993
8368,0.7235
8369,1.9937
8370,0.7641
8371,2.3985
8372,0.8938
8373,0.4414
8374,1.0152
8375,2.7666
8376,0.7347
8377,1.8442
8378,0.576
8379,1.2446
8380,0.3574
8381,0.8493
8382,1.4879
8383,2.1912
8384,0.9953
8385,0.1168
8386,0.868
8387,0.3235
8388,2.1658
8389,0.3004
8390,1.5008
8391,0.7962
8392,0.3406
8393,1.3912
8394,0.6148
8395,1.9495
8396,1.0329
8397,0.5223
8398,0.8727
8399,0.5065
8400,0.505
8401,0.68
8402,0.5842
8403,2.9037
8404,0.4554
8405,0.44
8406,0.2642
8407,0.1627
8408,0.5992
8409,1.3439
8410,0.3081
8411,0.4486
8412,0.7436
8413,0.6505
8414,0.8341
8415,0.467
8416,0.8911
8417,1.3264
8418,0.503
8419,0.2344
8420,0.3504
8421,0.4988
8422,0.7133
8423,1.8137
8424,1.5742
8425,0.8091
8426,3.8066
8427,0.2304
8428,0.3011
8429,1.0329
8430,1.2307
8431,0.2101
8432,1.0791
8433,0.4814
8434,1.0599
8435,2.0273
8436,0.7486
8437,1.3518
8438,0.3368
8439,0.3335
8440,0.7178
8441,0.3139
8442,0.6013
8443,1.1331
8444,2.1878
8445,0.2282
8446,0.4669
8447,2.5344
8448,2.8032
8449,0.4616
8450,0.4313
8451,0.48
8452,0.1892
8453,1.5325
8454,0.5569
8455,1.0624
8456,1.8695
8457,0.6116
8458,2.1246
8459,1.2446
8460,0.2643
8461,0.9414
8462,0.9063
8463,0.586
8464,1.0639
8465,1.3816
8466,0.6255
8467,0.2031
8468,0.6444
8469,0.6995
8470,0.8965
8471,2.0499
8472,0.4993
8473,0.3616
8474,0.3445
8475,1.5908
8476,0.4714
8477,1.5313
8478,1.3869
8479,0.3966
8480,1.1453
8481,0.4263
8482,0.5723
8483,0.6471
8484,1.1019
8485,1.463
8486,0.3457
8487,1.3482
8488,0.9791
8489,0.3973
8490,0.9572
8491,0.7803
8492,0.8008
8493,1.3996
8494,1.7473
8495,1.2862
8496,1.1545
8497,1.7354
8498,0.8369
8499,0.7814
8500,0.2431
8501,0.1302
8502,1.5575
8503,0.3563
8504,0.4539
8505,1.3769
8506,1.4813
8507,0.9606
8508,0.9591
8509,0.7317
8510,0.7239
8511,0.5375
8512,1.4429
8513,1.9943
8514,1.5211
8515,0.2621
8516,2.1792
8517,0.4947
8518,0.5419
8519,0.658
8520,0.3241
8521,1.1725
8522,1.2166
8523,0.5638
8524,0.7615
8525,0.5585
8526,1.5147
8527,0.517
8528,0.1802
8529,0.4915
8530,0.3256
8531,2.0643
8532,2.6631
8533,0.3283
8534,0.3977
8535,0.5271
8536,1.7097
8537,0.5597
8538,2.187
8539,0.5601
8540,0.195
8541,0.3563
8542,0.5228
8543,0.7654
8544,0.3475
8545,0.4929
8546,1.6965
8547,1.3551
8548,1.3968
8549,1.9626
8550,1.3182
8551,1.6597
8552,0.5014
8553,0.4383
8554,0.3807
8555,2.2648
8556,2.7644
8557,0.1891
8558,0.2951
8559,0.152
8560,0.6435
8561,1.7017
8562,1.342
8563,0.3821
8564,1.4309
8565,1.5652
8566,1.908
8567,0.4313
8568,0.1005
8569,1.8696
8570,1.8548
8571,0.3541
8572,1.674
8573,0.2197
8574,0.3039
8575,0.6909
8576,0.4585
8577,1.6842
8578,0.3827
8579,0.1737
8580,0.5987
8581,1.2974
8582,1.2405
8583,0.8429
8584,0.6754
8585,1.1125
8586,0.8594
8587,0.5589
8588,0.3706
8589,0.6835
8590,1.2184
8591,1.0419
8592,0.4385
8593,1.5887
8594,0.3152
8595,0.3718
8596,0.7885
8597,1.6865
8598,1.9389
8599,0.1524
8600,0.2746
8601,1.8208
8602,2.3842
8603,0.4174
8604,0.2163
8605,0.5887
8606,0.4938
8607,0.234
8608,0.4531
8609,2.009
8610,1.5021
8611,0.7979
8612,1.3169
8613,0.679
8614,0.7015
8615,0.4866
8616,1.6265
8617,0.5098
8618,0.302
8619,0.2896
8620,0.2258
8621,0.1533
8622,0.8127
8623,0.2433
8624,0.238
8625,0.3336
8626,1.6667
8627,0.2467
8628,1.9122
8629,2.188
8630,0.5321
8631,1.8211
8632,0.4819
8633,1.7126
8634,0.1496
8635,0.8952
8636,0.963
8637,0.7391
8638,0.2943
8639,1.2586
8640,0.7966
8641,0.2399
8642,1.4009
8643,0.6173
8644,0.995
8645,1.5222
8646,0.5759
8647,0.7035
8648,2.1689
8649,0.5536
8650,0.3419
8651,1.8591
8652,0.4821
8653,0.768
8654,0.333
8655,0.4217
8656,0.6174
8657,0.8336
8658,0.2197
8659,0.4587
8660,0.1179
8661,0.4107
8662,1.3303
8663,1.6374
8664,0.9841
8665,0.9366
8666,0.9388
8667,1.8338
8668,0.5178
8669,1.5903
8670,0.4288
8671,1.5026
8672,0.5407
8673,1.6704
8674,0.5701
8675,1.6465
8676,0.4599
8677,0.6363
8678,0.5566
8679,0.3528
8680,0.4657
8681,0.8778
8682,0.2703
8683,0.2932
8684,0.3262
8685,1.801
8686,0.5509
8687,2.4527
8688,0.6489
8689,0.533
8690,0.7647
8691,2.3008
8692,0.556
8693,2.3724
8694,1.3986
8695,0.7247
8696,0.3052
8697,0.7315
8698,1.1492
8699,0.6502
8700,0.6942
8701,1.3792
8702,1.9031
8703,0.2057
8704,0.4581
8705,2.13
8706,1.5691
8707,1.944
8708,0.2461
8709,0.4348
8710,2.3235
8711,0.1914
8712,0.145
8713,0.4108
8714,1.9908
8715,1.961
8716,0.2746
8717,0.3986
8718,0.7725
8719,1.6125
8720,1.7587
8721,1.7108
8722,0.3592
8723,0.3194
8724,2.0297
8725,1.9511
8726,2.5348
8727,0.2171
8728,0.3125
8729,1.9735
8730,0.2874
8731,0.4903
8732,0.1802
8733,0.3391
8734,0.2231
8735,0.2766
8736,1.3782
8737,1.0137
8738,0.8256
8739,0.7719
8740,0.5685
8741,0.6092
8742,0.2586
8743,0.4191
8744,0.5418
8745,1.3162
8746,1.1224
8747,0.8274
8748,0.5286
8749,0.5251
8750,0.1908
8751,1.6356
8752,1.4694
8753,1.2138
8754,0.6445
8755,0.7999
8756,0.8809
8757,0.6306
8758,1.8228
8759,0.7173
8760,1.6051
8761,0.298
8762,1.252
8763,0.4741
8764,0.1977
8765,1.757
8766,2.35
8767,0.4033
8768,0.1841
8769,0.3786
8770,0.2863
8771,1.7342
8772,1.9974
8773,1.6691
8774,0.3277
8775,1.2365
8776,1.9637
8777,0.3045
8778,0.5826
8779,1.5122
8780,0.3732
8781,0.4149
8782,0.3854
8783,1.495
8784,0.6674
8785,0.2407
8786,0.692
8787,1.2728
8788,1.2572
8789,0.4679
8790,1.3136
8791,0.8931
8792,0.3486
8793,0.5183
8794,1.2439
8795,0.6641
8796,2.344
8797,0.4298
8798,1.711
8799,0.2586
8800,0.7341
8801,0.4216
8802,0.5625
8803,1.1336
8804,1.09
8805,1.2717
8806,1.0437
8807,1.6851
8808,2.1073
8809,0.6392
8810,2.0135
8811,0.2464
8812,1.6686
8813,0.7593
8814,1.5219
8815,0.9774
8816,2.033
8817,0.7446
8818,0.6749
8819,0.6763
8820,0.993
8821,0.868
8822,1.9841
8823,0.4546
8824,0.8448
8825,0.4195
8826,1.5697
8827,1.1845
8828,0.4704
8829,0.4741
8830,0.2266
8831,1.896
8832,1.3066
8833,0.389
8834,0.5455
8835,2.1156
8836,0.7207
8837,1.3413
8838,1.0625
8839,1.1363
8840,0.7952
8841,0.5437
8842,0.8438
8843,0.9629
8844,0.3578
8845,0.7104
8846,0.8688
8847,0.4576
8848,0.8437
8849,0.3704
8850,1.009
8851,0.9814
8852,0.4284
8853,0.3392
8854,1.338
8855,0.5307
8856,0.6181
8857,1.0055
8858,0.7691
8859,0.873
8860,0.9201
8861,1.1543
8862,0.7188
8863,1.4639
8864,0.4709
8865,0.4819
8866,0.4842
8867,2.3002
8868,0.5279
8869,0.5339
8870,1.2388
8871,1.4955
8872,1.9109
8873,0.1738
8874,0.173
8875,0.3917
8876,2.2242
8877,1.7884
8878,0.4781
8879,0.4959
8880,1.2647
8881,0.8908
8882,3.704
8883,1.2639
8884,1.2111
8885,1.6536
8886,0.9058
8887,1.51
8888,1.1125
8889,0.9898
8890,1.3148
8891,0.3591
8892,1.3722
8893,1.0177
8894,0.9601
8895,1.0167
8896,1.266
8897,1.1013
8898,0.5485
8899,1.9417
8900,1.1816
8901,0.6641
8902,0.5782
8903,0.7996
8904,0.8125
8905,1.795
8906,0.4412
8907,0.2888
8908,2.3247
8909,1.0931
8910,0.5129
8911,1.2698
8912,1.3125
8913,0.2976
8914,1.7425
8915,0.987
8916,0.553
8917,0.7305
8918,0.6343
8919,0.6754
8920,0.722
8921,1.004
8922,0.3387
8923,0.4536
8924,0.6607
8925,0.4585
8926,0.3579
8927,0.3183
8928,0.3325
8929,1.611
8930,0.7379
8931,1.2077
8932,1.7601
8933,0.4323
8934,0.5623
8935,0.4274
8936,0.7091
8937,0.2272
8938,1.4591
8939,0.7393
8940,1.1214
8941,0.5665
8942,1.5831
8943,0.195
8944,1.5623
8945,2.5631
8946,0.8364
8947,0.5292
8948,0.6298
8949,1.767
8950,1.3184
8951,0.4558
8952,0.4404
8953,1.6466
8954,0.42
8955,0.8866
8956,0.2965
8957,0.4836
8958,1.7118
8959,0.9442
8960,0.3592
8961,0.2831
8962,0.138
8963,1.5436
8964,0.4443
8965,0.2083
8966,1.4852
8967,1.6779
8968,1.8137
8969,1.2141
8970,1.1295
8971,0.446
8972,1.4162
8973,0.2421
8974,0.3152
8975,1.7365
8976,1.7019
8977,0.7802
8978,0.7031
8979,0.9322
8980,0.2709
8981,0.6024
8982,1.4618
8983,0.2568
8984,1.2583
8985,2.0086
8986,0.4672
8987,0.7004
8988,1.9213
8989,1.3062
8990,1.3241
8991,1.1518
8992,0.386
8993,0.4413
8994,1.1427
8995,0.3716
8996,0.6365
8997,0.949
8998,2.1382
8999,1.7476
9000,1.8174
9001,0.4665
9002,0.6002
9003,1.0539
9004,0.9755
9005,0.6976
9006,0.2843
9007,0.4689
9008,1.1126
9009,0.6691
9010,0.4389
9011,1.06
9012,0.6822
9013,0.6703
9014,1.062
9015,0.3165
9016,1.1481
9017,0.9622
9018,1.3668
9019,1.483
9020,1.6724
9021,0.3002
9022,1.2427
9023,0.2395
9024,0.9999
9025,0.2419
9026,1.1185
9027,0.9707
9028,1.1776
9029,0.168
9030,1.5646
9031,0.2017
9032,0.1554
9033,0.4905
9034,1.3975
9035,0.1345
9036,0.2705
9037,2.2247
9038,0.7658
9039,0.4496
9040,0.4196
9041,1.0559
9042,0.4099
9043,0.5831
9044,2.1455
9045,0.2222
9046,0.1798
9047,1.7739
9048,0.3143
9049,0.5297
9050,0.3629
9051,0.4166
9052,0.2995
9053,0.3463
9054,0.4468
9055,1.1072
9056,0.5502
9057,0.8766
9058,0.7093
9059,0.9356
9060,0.715
9061,1.0558
9062,1.7486
9063,0.32
9064,1.0181
9065,2.2253
9066,1.4966
9067,1.8607
9068,3.6358
9069,0.3386
9070,1.8057
9071,1.4704
9072,0.9365
9073,2.3869
9074,0.3077
9075,0.6645
9076,2.0282
9077,1.6517
9078,2.3142
9079,0.4207
9080,2.1547
9081,0.2352
9082,0.2993
9083,0.1841
9084,2.0899
9085,2.2777
9086,0.238
9087,0.366
9088,0.3701
9089,3.0728
9090,1.3883
9091,0.617
9092,0.3766
9093,1.36
9094,2.8905
9095,0.3359
9096,1.9829
9097,1.7448
9098,0.394
9099,1.8703
9100,3.1311
9101,0.8519
9102,0.3455
9103,0.453
9104,1.2842
9105,2.5777
9106,0.824
9107,0.6588
9108,0.7606
9109,0.563
9110,0.4689
9111,0.8473
9112,0.3625
9113,0.839
9114,0.7786
9115,1.3726
9116,1.2097
9117,0.8335
9118,0.9017
9119,1.0661
9120,1.5883
9121,2.1331
9122,0.8883
9123,1.0852
9124,0.7844
9125,0.754
9126,1.2986
9127,0.6117
9128,2.7171
9129,0.2241
9130,0.54
9131,0.4162
9132,1.1247
9133,1.2768
9134,1.1384
9135,0.9287
9136,0.5181
9137,1.1653
9138,1.2776
9139,0.179
9140,0.3206
9141,1.7345
9142,1.3418
9143,1.4037
9144,0.5166
9145,1.3819
9146,1.461
9147,0.67
9148,1.1279
9149,1.4183
9150,0.4358
9151,2.5859
9152,0.3169
9153,1.3579
9154,4.313
9155,1.5021
9156,1.5825
9157,1.9496
9158,0.4924
9159,0.4812
9160,0.615
9161,2.2879
9162,1.7627
9163,2.3334
9164,2.1435
9165,2.2131
9166,0.267
9167,0.955
9168,1.1874
9169,0.2751
9170,0.2705
9171,1.525
9172,0.3167
9173,0.6243
9174,1.3284
9175,0.4577
9176,0.4182
9177,0.7139
9178,2.6035
9179,2.8169
9180,0.3331
9181,0.5707
9182,0.1283
9183,1.6185
9184,0.4314
9185,0.6915
9186,1.4109
9187,1.7528
9188,2.0836
9189,0.8605
9190,0.6814
9191,0.5251
9192,0.3805
9193,1.2575
9194,1.0532
9195,1.1082
9196,0.3944
9197,0.6963
9198,2.1467
9199,1.2112
9200,0.9163
9201,1.5315
9202,0.9325
9203,0.5318
9204,2.284
9205,0.6832
9206,0.1776
9207,2.0507
9208,2.0054
9209,1.8851
9210,0.6863
9211,0.6793
9212,1.7959
9213,0.6894
9214,0.237
9215,1.7742
9216,0.2895
9217,1.0147
9218,0.5225
9219,0.9654
9220,0.6241
9221,0.6053
9222,1.9196
9223,1.8622
9224,0.3162
9225,4.6398
9226,1.4909
9227,0.4397
9228,0.7081
9229,0.5853
9230,0.2403
9231,0.5409
9232,1.4498
9233,2.1844
9234,0.3277
9235,0.7278
9236,0.4267
9237,0.4215
9238,1.3373
9239,0.6607
9240,1.3444
9241,1.2553
9242,1.0007
9243,0.5084
9244,0.2167
9245,1.1394
9246,0.2301
9247,0.9687
9248,0.8567
9249,1.1469
9250,0.7461
9251,0.7564
9252,0.8436
9253,1.1605
9254,0.3746
9255,0.1355
9256,1.4116
9257,1.228
9258,1.1926
9259,0.2901
9260,0.2867
9261,0.2354
9262,0.5257
9263,0.744
9264,0.2482
9265,0.6584
9266,1.4275
9267,0.405
9268,0.4949
9269,2.8013
9270,1.3923
9271,1.2153
9272,1.2248
9273,0.2175
9274,0.2402
9275,0.2413
9276,0.3947
9277,0.634
9278,2.5997
9279,0.5753
9280,1.5598
9281,2.1799
9282,0.6053
9283,0.3765
9284,0.9343
9285,1.1357
9286,0.9688
9287,1.3964
9288,0.2219
9289,0.2755
9290,0.3246
9291,0.976
9292,1.0484
9293,0.4372
9294,0.203
9295,0.6907
9296,2.4217
9297,0.6434
9298,0.8194
9299,0.4771
9300,0.2001
9301,1.6626
9302,1.0562
9303,0.5351
9304,0.5481
9305,1.3777
9306,0.6895
9307,0.6154
9308,0.6864
9309,0.7674
9310,1.5143
9311,0.2283
9312,0.3857
9313,2.4687
9314,0.9365
9315,0.5988
9316,1.6384
9317,0.3963
9318,1.3624
9319,0.2574
9320,1.1533
9321,2.0178
9322,0.9746
9323,1.2494
9324,0.3566
9325,0.3646
9326,1.9148
9327,1.3479
9328,0.6841
9329,1.5475
9330,0.8207
9331,0.2074
9332,2.446
9333,0.5701
9334,0.6278
9335,2.4587
9336,0.3548
9337,0.3533
9338,0.1337
9339,0.1875
9340,0.1258
9341,0.1583
9342,1.6519
9343,0.2861
9344,0.4843
9345,1.493
9346,1.4347
9347,1.7233
9348,0.1623
9349,1.9075
9350,0.6711
9351,3.2715
9352,0.5236
9353,0.3504
9354,1.9229
9355,2.1795
9356,1.3041
9357,0.3138
9358,0.8035
9359,0.7078
9360,0.9542
9361,0.8174
9362,1.5014
9363,1.8868
9364,1.7719
9365,1.1784
9366,1.0755
9367,1.132
9368,0.3225
9369,1.0047
9370,0.8952
9371,1.112
9372,1.0583
9373,0.5255
9374,0.8636
9375,1.6738
9376,0.4077
9377,0.3915
9378,0.3395
9379,0.4176
9380,0.7025
9381,0.4747
9382,0.6814
9383,1.4667
9384,0.8174
9385,1.9602
9386,0.6006
9387,0.356
9388,0.2302
9389,2.4356
9390,0.2901
9391,0.2108
9392,0.8011
9393,0.1257
9394,2.2233
9395,0.1587
9396,0.2285
9397,0.4746
9398,1.8179
9399,0.1866
9400,0.2631
9401,0.4073
9402,3.07
9403,0.1632
9404,1.951
9405,1.7901
9406,0.3324
9407,0.2675
9408,0.1088
9409,2.8215
9410,0.2693
9411,1.9399
9412,0.2601
9413,0.551
9414,0.4395
9415,0.314
9416,0.3644
9417,0.3451
9418,0.4264
9419,2.3954
9420,0.3146
9421,0.3695
9422,0.4193
9423,2.2155
9424,0.2503
9425,0.1579
9426,1.9426
9427,1.8561
9428,2.0613
9429,0.2519
9430,0.6173
9431,0.6
9432,0.1799
9433,0.9208
9434,1.9965
9435,0.6638
9436,0.7561
9437,2.0968
9438,0.6098
9439,0.3173
9440,0.408
9441,2.0785
9442,0.4723
9443,0.3616
9444,1.7075
9445,0.8186
9446,0.5501
9447,0.5167
9448,0.4096
9449,1.7533
9450,1.4947
9451,0.388
9452,0.7954
9453,1.0585
9454,0.515
9455,1.5379
9456,0.3284
9457,2.4134
9458,0.3288
9459,0.4015
9460,0.8798
9461,1.2405
9462,0.4958
9463,1.1557
9464,1.3808
9465,0.7332
9466,1.8063
9467,1.7667
9468,0.7699
9469,0.8727
9470,0.2045
9471,0.9167
9472,0.4606
9473,1.2263
9474,1.4796
9475,0.3041
9476,0.2549
9477,0.2216
9478,2.7078
9479,0.4731
9480,1.8316
9481,0.5423
9482,0.1549
9483,3.0149
9484,0.2839
9485,0.6623
9486,0.3842
9487,0.2101
9488,1.8254
9489,0.3168
9490,3.3611
9491,0.3538
9492,0.5436
9493,1.3932
9494,0.4346
9495,2.9264
9496,0.7534
9497,1.0654
9498,0.4319
9499,1.3713
9500,0.4909
9501,0.3666
9502,0.4772
9503,0.4935
9504,0.5719
9505,0.7787
9506,1.5402
9507,0.3531
9508,0.524
9509,1.8439
9510,1.5964
9511,2.0195
9512,1.3056
9513,0.2582
9514,2.4734
9515,0.3063
9516,0.2241
9517,0.3905
9518,0.3556
9519,1.9725
9520,0.2539
9521,0.4399
9522,1.3256
9523,0.2542
9524,0.1892
9525,1.5232
9526,1.4225
9527,2.9422
9528,0.3685
9529,0.602
9530,1.2087
9531,1.1876
9532,1.4848
9533,0.2679
9534,1.1555
9535,1.7704
9536,1.0739
9537,0.4978
9538,0.4301
9539,0.3611
9540,0.6454
9541,0.2839
9542,1.5147
9543,2.9915
9544,2.2576
9545,0.3198
9546,1.6025
9547,0.9514
9548,0.6585
9549,1.1824
9550,0.5196
9551,1.2523
9552,1.7993
9553,0.2713
9554,0.3946
9555,1.3614
9556,0.6135
9557,1.7526
9558,0.4569
9559,2.2547
9560,0.9943
9561,0.4065
9562,1.6114
9563,1.1855
9564,0.7242
9565,0.8899
9566,0.5843
9567,0.6774
9568,0.4612
9569,2.4635
9570,1.5431
9571,1.747
9572,1.6914
9573,1.7358
9574,2.0798
9575,2.5166
9576,3.9196
9577,0.3375
9578,0.3175
9579,1.6134
9580,0.4277
9581,0.2131
9582,1.7076
9583,0.4636
9584,1.1487
9585,0.9323
9586,0.9867
9587,1.095
9588,0.4419
9589,1.1586
9590,0.6871
9591,0.345
9592,1.4381
9593,0.6194
9594,0.8355
9595,0.707
9596,1.0302
9597,1.1988
9598,1.2443
9599,1.4038
9600,0.1709
9601,0.163
9602,0.5605
9603,0.1406
9604,0.7808
9605,0.6229
9606,1.2937
9607,1.4234
9608,1.1065
9609,1.0151
9610,0.9533
9611,1.3138
9612,0.231
9613,0.2526
9614,0.4132
9615,0.8478
9616,1.2884
9617,0.3319
9618,0.8202
9619,4.7526
9620,2.2605
9621,0.8009
9622,1.2127
9623,0.5962
9624,2.1457
9625,0.7807
9626,1.3116
9627,1.1641
9628,0.8028
9629,1.3913
9630,0.7717
9631,1.437
9632,0.6264
9633,1.3895
9634,2.4504
9635,0.3187
9636,1.1325
9637,0.8083
9638,1.1194
9639,1.5333
9640,1.0661
9641,1.2474
9642,1.087
9643,1.333
9644,0.7103
9645,1.0108
9646,0.4137
9647,0.5198
9648,0.7165
9649,0.3344
9650,2.777
9651,0.2451
9652,0.2428
9653,1.2274
9654,1.4346
9655,0.3287
9656,0.292
9657,0.5303
9658,0.8938
9659,0.3131
9660,0.5082
9661,0.799
9662,0.6656
9663,0.8401
9664,1.5394
9665,2.2322
9666,0.3053
9667,0.4206
9668,0.1823
9669,0.242
9670,1.1851
9671,0.279
9672,0.6028
9673,0.3048
9674,0.2473
9675,0.4228
9676,0.4323
9677,1.4099
9678,1.0861
9679,0.5472
9680,0.5428
9681,1.2226
9682,1.1812
9683,0.2071
9684,0.2541
9685,0.2035
9686,0.4006
9687,0.5505
9688,0.324
9689,0.3812
9690,0.508
9691,0.242
9692,0.2533
9693,0.8165
9694,0.3455
9695,1.1553
9696,0.7261
9697,1.9585
9698,1.2616
9699,0.2174
9700,0.4219
9701,0.4599
9702,1.7667
9703,0.1807
9704,0.2162
9705,2.4785
9706,0.1161
9707,1.3316
9708,1.5707
9709,0.4786
9710,0.3625
9711,1.826
9712,1.553
9713,0.2711
9714,1.9864
9715,0.3969
9716,2.5997
9717,0.3484
9718,0.5722
9719,0.551
9720,1.6876
9721,0.4654
9722,1.1653
9723,0.6734
9724,0.3277
9725,1.3116
9726,0.614
9727,1.706
9728,1.0879
9729,0.5531
9730,1.8336
9731,0.6994
9732,1.2755
9733,0.9238
9734,1.342
9735,0.3334
9736,1.6457
9737,1.3167
9738,1.1001
9739,2.4226
9740,0.6315
9741,1.2091
9742,2.111
9743,0.5935
9744,0.7281
9745,0.7321
9746,0.7144
9747,0.5545
9748,0.7279
9749,0.9303
9750,0.644
9751,1.4393
9752,0.336
9753,1.1672
9754,1.3973
9755,0.4805
9756,0.8249
9757,1.2875
9758,0.7001
9759,1.1936
9760,0.65
9761,0.9381
9762,0.4891
9763,0.7786
9764,0.2295
9765,0.8525
9766,0.2847
9767,0.6065
9768,1.0799
9769,1.4136
9770,0.7461
9771,0.5378
9772,1.7019
9773,0.396
9774,0.5139
9775,3.279
9776,0.3317
9777,0.254
9778,0.1854
9779,1.0779
9780,0.9021
9781,0.2489
9782,0.5301
9783,3.2833
9784,1.2074
9785,0.9328
9786,0.3177
9787,0.5849
9788,0.831
9789,1.3245
9790,0.4798
9791,0.122
9792,0.3922
9793,0.3508
9794,0.4581
9795,1.552
9796,1.5387
9797,0.4724
9798,1.448
9799,0.7226
9800,0.6912
9801,1.1516
9802,0.5601
9803,2.4171
9804,1.647
9805,1.7021
9806,0.7205
9807,1.3355
9808,0.7918
9809,1.138
9810,1.7751
9811,1.4498
9812,0.4818
9813,1.4811
9814,0.7377
9815,0.2464
9816,1.0801
9817,0.798
9818,0.6982
9819,1.554
9820,0.4889
9821,0.2236
9822,0.2883
9823,0.247
9824,0.5411
9825,0.6802
9826,1.8563
9827,1.0951
9828,0.2555
9829,0.1846
9830,0.1387
9831,0.7492
9832,0.3289
9833,0.8909
9834,0.6671
9835,1.498
9836,0.8727
9837,1.7399
9838,1.0895
9839,2.0149
9840,1.1669
9841,0.4704
9842,0.2621
9843,1.6257
9844,0.8559
9845,1.0577
9846,0.6026
9847,0.6878
9848,1.3181
9849,0.2744
9850,2.32
9851,1.0685
9852,0.6045
9853,0.2866
9854,0.9187
9855,1.007
9856,1.8963
9857,1.1453
9858,0.9114
9859,0.5914
9860,1.2129
9861,1.051
9862,0.8051
9863,2.5153
9864,0.4178
9865,2.8034
9866,0.6357
9867,1.3408
9868,0.169
9869,0.2157
9870,0.3136
9871,2.6836
9872,1.4223
9873,0.3381
9874,0.6184
9875,0.4759
9876,0.1628
9877,0.5278
9878,0.4547
9879,1.1686
9880,1.5284
9881,1.9985
9882,2.1737
9883,1.6544
9884,0.4213
9885,0.906
9886,0.4085
9887,0.4879
9888,1.5837
9889,0.2427
9890,0.2597
9891,1.6603
9892,0.551
9893,1.367
9894,0.632
9895,3.4253
9896,0.534
9897,0.6004
9898,0.1909
9899,1.7931
9900,1.8651
9901,0.1752
9902,1.1631
9903,1.0324
9904,0.2327
9905,1.2901
9906,0.4247
9907,0.4175
9908,1.5135
9909,0.6891
9910,0.5607
9911,1.4853
9912,1.6614
9913,3.5821
9914,1.2317
9915,1.2458
9916,0.5296
9917,0.2814
9918,0.4242
9919,0.3086
9920,1.3161
9921,2.7107
9922,1.5884
9923,0.3633
9924,0.5403
9925,0.3629
9926,0.3599
9927,1.3167
9928,0.1762
9929,0.1448
9930,1.5414
9931,1.0663
9932,1.0834
9933,0.2288
9934,0.8232
9935,1.8334
9936,2.2567
9937,4.6734
9938,2.503
9939,0.3885
9940,0.4054
9941,0.1692
9942,0.2783
9943,2.7945
9944,0.1736
9945,2.3332
9946,0.797
9947,0.7243
9948,1.4698
9949,0.5918
9950,0.7781
9951,0.7891
9952,1.2727
9953,1.4302
9954,0.2928
9955,0.9482
9956,0.9648
9957,1.4272
9958,0.9802
9959,0.412
9960,0.7369
9961,0.4581
9962,0.5926
9963,0.2603
9964,0.6008
9965,0.3335
9966,0.3584
9967,0.2012
9968,0.4118
9969,0.3793
9970,0.138
9971,0.1715
9972,0.1096
9973,0.168
9974,0.2273
9975,2.09
9976,1.5342
9977,0.2695
9978,0.3242
9979,0.6755
9980,0.756
9981,1.0895
9982,0.624
9983,1.1724
9984,0.7869
9985,0.291
9986,1.4573
9987,0.9868
9988,0.7038
9989,2.1701
9990,1.155
9991,0.7589
9992,0.6198
9993,1.2078
9994,0.9541
9995,1.4806
9996,1.139
9997,1.2974
9998,1.063
9999,1.3773
10000,1.175
10001,1.1543
10002,1.1825
10003,1.3028
10004,0.5829
10005,0.9447
10006,1.1336
10007,0.7002
10008,0.7536
10009,0.5205
10010,0.4619
10011,1.3799
10012,2.328
10013,0.1753
10014,1.3561
10015,1.9377
10016,1.38
10017,0.8979
10018,1.9111
10019,0.5207
10020,1.8632
10021,0.5949
10022,0.5217
10023,0.2658
10024,0.9925
10025,1.7931
10026,0.7404
10027,0.9407
10028,1.95
10029,0.7194
10030,0.4929
10031,0.6391
10032,1.4333
10033,1.2226
10034,0.8076
10035,0.5545
10036,0.5739
10037,1.1804
10038,2.0729
10039,0.514
10040,0.4384
10041,1.5081
10042,0.503
10043,1.2709
10044,0.3202
10045,2.1319
10046,0.4171
10047,0.2793
10048,0.4311
10049,0.3963
10050,0.3493
10051,0.4527
10052,0.457
10053,0.5139
10054,0.2539
10055,0.2959
10056,3.5132
10057,2.1063
10058,1.5914
10059,0.3256
10060,0.8477
10061,1.6071
10062,0.7519
10063,0.8254
10064,0.7373
10065,3.6851
10066,1.2449
10067,0.5709
10068,2.6867
10069,0.445
10070,2.3078
10071,0.6916
10072,0.5645
10073,2.0655
10074,0.2103
10075,4.0566
10076,1.508
10077,0.3364
10078,1.646
10079,0.3106
10080,0.48
10081,2.1357
10082,2.6776
10083,0.2803
10084,0.2712
10085,0.2767
10086,1.9333
10087,0.2481
10088,1.758
10089,1.9991
10090,0.1742
10091,1.1032
10092,1.5703
10093,0.7002
10094,2.8171
10095,0.3937
10096,1.6954
10097,0.2157
10098,0.5125
10099,0.1872
10100,3.2435
10101,0.9356
10102,0.2105
10103,2.9283
10104,0.2627
10105,1.5208
10106,0.4298
10107,0.3625
10108,0.3444
10109,0.279
10110,0.3811
10111,2.218
10112,1.7373
10113,0.4135
10114,0.4924
10115,0.5835
10116,0.525
10117,0.6716
10118,0.4032
10119,0.7768
10120,0.6637
10121,0.5784
10122,0.8828
10123,0.2587
10124,0.4926
10125,0.2354
10126,0.3687
10127,0.6231
10128,1.6667
10129,2.535
10130,1.785
10131,0.2887
10132,0.6958
10133,0.3974
10134,0.3653
10135,0.4889
10136,0.3804
10137,1.3253
10138,0.9886
10139,0.8006
10140,0.4907
10141,0.5608
10142,0.3875
10143,0.4125
10144,0.2104
10145,0.1129
10146,0.8098
10147,0.5415
10148,2.1792
10149,0.2161
10150,1.3223
10151,0.1754
10152,0.4927
10153,0.9823
10154,1.7646
10155,0.8035
10156,1.5936
10157,1.4922
10158,1.8519
10159,0.8206
10160,1.7581
10161,1.7361
10162,0.5136
10163,0.9409
10164,1.0584
10165,0.5261
10166,0.9435
10167,0.8087
10168,1.2855
10169,1.3109
10170,1.9673
10171,0.7324
10172,1.0567
10173,0.992
10174,0.6311
10175,0.9853
10176,0.7756
10177,0.4425
10178,2.4172
10179,7.7878
10180,1.1045
10181,0.3901
10182,1.7215
10183,2.2697
10184,0.1851
10185,1.1712
10186,1.0371
10187,0.5018
10188,0.7654
10189,0.7778
10190,0.5948
10191,0.6711
10192,0.4747
10193,0.6894
10194,0.7183
10195,1.2921
10196,1.5324
10197,1.6259
10198,0.8038
10199,1.8898
10200,0.7543
10201,1.824
10202,0.3668
10203,0.7713
10204,0.7076
10205,1.1332
10206,0.5079
10207,0.4155
10208,0.4308
10209,1.5634
10210,0.2861
10211,0.2304
10212,0.7764
10213,0.5375
10214,2.0112
10215,0.4577
10216,0.8122
10217,0.3866
10218,0.2489
10219,1.6842
10220,0.8369
10221,1.6191
10222,0.2911
10223,0.3151
10224,1.397
10225,1.1854
10226,0.35
10227,1.5445
10228,0.5245
10229,0.5336
10230,0.6963
10231,1.2227
10232,1.3156
10233,0.4898
10234,0.8445
10235,0.2091
10236,0.6161
10237,0.1681
10238,1.1093
10239,0.6615
10240,1.3274
10241,1.4019
10242,0.7253
10243,0.7426
10244,1.184
10245,1.4573
10246,0.499
10247,0.4755
10248,3.0127
10249,2.738
10250,0.4109
10251,3.2194
10252,1.7544
10253,0.1173
10254,0.2608
10255,0.3146
10256,2.4193
10257,2.0415
10258,0.3012
10259,0.4116
10260,1.9458
10261,0.361
10262,0.2992
10263,0.1267
10264,2.3753
10265,1.8762
10266,2.6611
10267,2.0784
10268,1.9153
10269,1.5055
10270,1.3659
10271,0.4975
10272,0.603
10273,0.8358
10274,1.1914
10275,0.9689
10276,0.8244
10277,0.3975
10278,0.9543
10279,0.3997
10280,1.3755
10281,0.4733
10282,0.3938
10283,1.0948
10284,1.4354
10285,0.8846
10286,1.8551
10287,2.4091
10288,0.6142
10289,1.6786
10290,1.8721
10291,1.5271
10292,0.5415
10293,0.7729
10294,0.6753
10295,2.1691
10296,1.1856
10297,2.7588
10298,0.2609
10299,1.6034
10300,0.9932
10301,1.011
10302,1.7799
10303,0.3826
10304,1.2518
10305,1.1026
10306,0.6753
10307,1.2832
10308,1.2825
10309,1.5553
10310,0.4115
10311,1.6515
10312,0.2393
10313,0.5031
10314,1.4699
10315,1.4743
10316,2.3772
10317,0.5094
10318,1.5747
10319,0.4885
10320,0.9719
10321,0.8429
10322,1.8711
10323,0.4678
10324,0.563
10325,0.8227
10326,0.7862
10327,1.0947
10328,0.4184
10329,1.184
10330,1.0683
10331,1.4814
10332,1.6773
10333,0.1983
10334,0.3031
10335,0.3458
10336,0.4764
10337,0.2255
10338,0.2713
10339,0.5993
10340,0.263
10341,0.2358
10342,0.2202
10343,0.296
10344,1.8017
10345,1.481
10346,1.4041
10347,1.5905
10348,0.4467
10349,0.676
10350,0.2695
10351,1.7247
10352,0.1917
10353,1.5568
10354,0.8245
10355,0.5662
10356,0.9127
10357,0.9175
10358,1.6467
10359,0.3301
10360,0.5985
10361,0.2647
10362,0.9562
10363,1.0923
10364,0.2963
10365,2.0157
10366,1.5789
10367,0.7508
10368,1.2233
10369,2.8746
10370,0.1307
10371,0.1884
10372,2.0097
10373,0.2198
10374,0.1469
10375,2.6884
10376,1.2182
10377,0.1439
10378,1.7841
10379,0.3516
10380,0.6791
10381,0.575
10382,1.8259
10383,2.1588
10384,0.6179
10385,1.283
10386,1.5363
10387,1.0373
10388,0.8123
10389,1.356
10390,0.9829
10391,1.2914
10392,1.4512
10393,0.9094
10394,1.5814
10395,1.2048
10396,0.8965
10397,1.7679
10398,0.461
10399,1.2561
10400,0.4531
10401,2.6555
10402,1.3971
10403,0.3295
10404,0.8082
10405,0.778
10406,2.4049
10407,0.5682
10408,1.7708
10409,2.0718
10410,0.566
10411,3.0156
10412,0.6334
10413,2.347
10414,0.5769
10415,0.2459
10416,0.3312
10417,1.8882
10418,0.7118
10419,2.021
10420,1.9506
10421,0.4896
10422,2.0782
10423,1.9765
10424,0.2881
10425,1.4937
10426,0.1648
10427,0.1698
10428,2.1934
10429,2.0653
10430,1.2912
10431,0.2293
10432,0.1971
10433,0.2887
10434,2.0465
10435,0.8244
10436,2.0071
10437,0.6527
10438,0.3541
10439,1.8292
10440,0.8379
10441,0.6397
10442,0.1874
10443,0.1457
10444,1.7287
10445,0.5089
10446,1.8693
10447,0.5386
10448,0.8949
10449,0.4421
10450,1.6755
10451,0.2587
10452,0.3075
10453,1.9468
10454,1.4851
10455,0.4794
10456,0.4627
10457,2.8501
10458,2.361
10459,0.4513
10460,0.5624
10461,0.6195
10462,0.2532
10463,2.8705
10464,0.1229
10465,0.1339
10466,3.841
10467,0.2719
10468,0.6177
10469,2.2345
10470,1.5906
10471,0.2181
10472,1.2223
10473,1.6911
10474,0.3303
10475,2.7102
10476,0.3254
10477,0.4235
10478,0.489
10479,0.2888
10480,0.4812
10481,0.1642
10482,0.2092
10483,1.8741
10484,2.466
10485,2.0428
10486,1.6456
10487,1.559
10488,0.1865
10489,1.3497
10490,1.8717
10491,0.9915
10492,0.6157
10493,1.1462
10494,0.6669
10495,0.7534
10496,1.3521
10497,1.1563
10498,1.1646
10499,1.4679
10500,1.7439
10501,0.9279
10502,0.6041
10503,1.4873
10504,1.3843
10505,1.5216
10506,1.6533
10507,0.2974
10508,2.228
10509,2.333
10510,2.1438
10511,0.2962
10512,0.3247
10513,1.2617
10514,1.8826
10515,2.0671
10516,1.7681
10517,0.3308
10518,1.4185
10519,0.6712
10520,1.5466
10521,1.4392
10522,0.2951
10523,0.678
10524,0.6993
10525,0.5694
10526,1.028
10527,0.3415
10528,1.6329
10529,0.3348
10530,1.6716
10531,0.1432
10532,1.0915
10533,1.0344
10534,1.2393
10535,1.3173
10536,0.8012
10537,0.461
10538,0.4277
10539,0.3985
10540,1.1317
10541,1.0588
10542,1.3098
10543,0.8835
10544,0.9873
10545,0.8185
10546,1.0088
10547,1.5245
10548,0.3009
10549,1.424
10550,0.2464
10551,2.9677
10552,1.9274
10553,1.493
10554,0.9513
10555,0.5862
10556,0.2963
10557,0.2302
10558,0.4894
10559,0.3844
10560,0.4451
10561,0.3679
10562,0.2547
10563,0.3097
10564,0.2333
10565,2.3836
10566,0.4566
10567,2.1084
10568,0.1885
10569,0.4167
10570,0.7271
10571,0.3674
10572,1.7239
10573,0.1629
10574,0.4357
10575,0.6212
10576,0.298
10577,1.8264
10578,1.8702
10579,0.3124
10580,0.3626
10581,0.3949
10582,0.2665
10583,0.4113
10584,2.1847
10585,0.4974
10586,0.4295
10587,0.3563
10588,0.3344
10589,1.8496
10590,0.4395
10591,2.0732
10592,0.5691
10593,0.4125
10594,1.6301
10595,0.5917
10596,2.0092
10597,0.8918
10598,1.223
10599,0.7467
10600,1.2958
10601,1.7739
10602,0.2348
10603,1.7254
10604,0.6238
10605,1.4437
10606,1.4947
10607,0.6427
10608,1.346
10609,1.092
10610,0.6133
10611,0.8669
10612,0.3623
10613,1.2878
10614,1.4647
10615,1.2712
10616,1.003
10617,0.5367
10618,0.3875
10619,0.6311
10620,0.4509
10621,0.649
10622,1.2326
10623,0.2641
10624,0.7354
10625,0.7665
10626,0.5087
10627,0.7309
10628,0.4874
10629,0.7083
10630,1.1484
10631,1.1132
10632,1.3222
10633,0.7575
10634,0.8976
10635,0.7394
10636,1.497
10637,0.4506
10638,0.3555
10639,0.3998
10640,0.3029
10641,2.1948
10642,1.667
10643,1.8544
10644,0.1221
10645,1.4006
10646,0.476
10647,0.5052
10648,0.3213
10649,0.3409
10650,1.0556
10651,0.3572
10652,1.8465
10653,1.8074
10654,2.7083
10655,0.2123
10656,0.3623
10657,0.3019
10658,2.1903
10659,1.5635
10660,3.4739
10661,0.9299
10662,1.9472
10663,0.1542
10664,0.2528
10665,0.1777
10666,2.0583
10667,0.2355
10668,0.9456
10669,1.9172
10670,0.2203
10671,1.9252
10672,0.7474
10673,1.1592
10674,0.348
10675,1.0363
10676,1.1443
10677,1.1484
10678,1.2044
10679,0.7408
10680,0.3994
10681,1.0774
10682,0.8396
10683,1.3376
10684,1.1239
10685,1.1005
10686,2.0046
10687,1.8303
10688,0.5767
10689,0.167
10690,1.3094
10691,0.3785
10692,1.3332
10693,1.2481
10694,1.1032
10695,0.4731
10696,0.352
10697,2.0061
10698,0.9156
10699,0.6662
10700,0.6246
10701,1.0383
10702,0.9504
10703,1.7685
10704,1.5301
10705,0.5482
10706,0.6767
10707,0.4795
10708,0.438
10709,0.7336
10710,0.8342
10711,1.3247
10712,1.3437
10713,0.4491
10714,0.1581
10715,1.8453
10716,1.0958
10717,0.7793
10718,0.7345
10719,0.4801
10720,1.0447
10721,0.7015
10722,2.7398
10723,3.8321
10724,1.846
10725,0.5439
10726,1.5372
10727,0.1371
10728,1.409
10729,1.7047
10730,1.8832
10731,1.3096
10732,1.9541
10733,0.7114
10734,0.8644
10735,0.8889
10736,4.3279
10737,0.4069
10738,0.33
10739,0.6707
10740,0.7038
10741,0.3325
10742,1.3241
10743,0.3824
10744,1.6502
10745,0.4839
10746,1.0137
10747,0.6128
10748,0.6843
10749,1.9401
10750,0.5529
10751,1.9145
10752,1.6062
10753,1.867
10754,1.953
10755,1.5692
10756,1.7551
10757,0.3584
10758,1.2023
10759,3.0452
10760,0.2986
10761,0.2948
10762,0.274
10763,0.7836
10764,0.5644
10765,1.0842
10766,0.6907
10767,0.4372
10768,0.7863
10769,0.255
10770,0.6834
10771,0.7743
10772,1.5622
10773,0.3624
10774,0.2209
10775,1.9535
10776,1.2676
10777,0.9122
10778,0.938
10779,1.5872
10780,0.8427
10781,0.8297
10782,1.0304
10783,0.6206
10784,0.7713
10785,1.3753
10786,0.5836
10787,0.5546
10788,0.524
10789,0.6756
10790,2.4062
10791,0.8043
10792,1.1458
10793,0.5564
10794,1.3577
10795,1.5373
10796,0.9672
10797,0.4156
10798,1.3205
10799,0.7528
10800,0.2832
10801,1.3508
10802,1.9825
10803,0.5145
10804,1.3958
10805,4.4224
10806,0.9449
10807,1.5371
10808,0.2891
10809,0.7673
10810,1.1835
10811,1.1581
10812,0.3602
10813,1.8676
10814,1.1557
10815,0.6877
10816,0.2799
10817,0.4463
10818,1.0653
10819,0.6923
10820,0.2344
10821,2.2153
10822,1.4142
10823,0.3537
10824,7.8932
10825,0.9448
10826,0.8203
10827,1.726
10828,0.7301
10829,0.4036
10830,0.4399
10831,0.5882
10832,1.7281
10833,1.2062
10834,0.3462
10835,0.4869
10836,1.1428
10837,1.2465
10838,1.2322
10839,1.1487
10840,0.555
10841,0.6054
10842,0.4159
10843,0.597
10844,0.3802
10845,0.5484
10846,0.9479
10847,1.2908
10848,1.852
10849,1.2716
10850,1.6605
10851,4.5378
10852,2.0622
10853,1.4958
10854,2.2973
10855,0.1987
10856,1.8223
10857,0.4323
10858,1.6455
10859,0.8101
10860,0.3047
10861,0.8009
10862,1.114
10863,0.8466
10864,0.4861
10865,1.5113
10866,0.291
10867,1.5653
10868,0.1377
10869,0.1322
10870,0.4811
10871,0.1998
10872,1.1359
10873,0.321
10874,0.2424
10875,0.6221
10876,0.1982
10877,1.5238
10878,1.1518
10879,0.7182
10880,0.415
10881,0.2039
10882,0.3544
10883,0.7084
10884,0.3644
10885,0.9229
10886,0.9861
10887,0.154
10888,1.0347
10889,1.8997
10890,0.614
10891,0.4953
10892,1.146
10893,1.446
10894,1.7895
10895,0.4019
10896,1.6622
10897,0.2753
10898,0.3039
10899,0.3619
10900,0.1366
10901,0.5401
10902,0.5674
10903,1.974
10904,1.6836
10905,0.5051
10906,1.4017
10907,0.5787
10908,0.4562
10909,0.4692
10910,0.8279
10911,0.4108
10912,0.8107
10913,0.7533
10914,1.0359
10915,0.4883
10916,1.3537
10917,0.2037
10918,1.2688
10919,1.3374
10920,1.4472
10921,1.0078
10922,1.345
10923,1.0232
10924,0.8063
10925,0.9719
10926,0.6661
10927,0.5792
10928,0.4652
10929,0.4735
10930,0.7223
10931,0.4828
10932,0.4133
10933,0.4367
10934,0.4966
10935,1.6711
10936,0.1767
10937,0.1361
10938,0.8732
10939,0.5528
10940,0.3887
10941,0.4486
10942,1.3335
10943,0.4018
10944,0.3697
10945,0.4762
10946,0.5289
10947,1.4452
10948,1.1918
10949,1.6808
10950,1.1652
10951,1.7504
10952,0.2633
10953,0.5362
10954,1.3648
10955,1.2759
10956,0.7592
10957,0.58
10958,1.1342
10959,0.7174
10960,1.1464
10961,1.307
10962,1.0169
10963,1.6815
10964,1.8058
10965,1.5487
10966,0.3963
10967,0.5379
10968,0.7515
10969,0.7503
10970,0.6552
10971,0.9715
10972,1.2156
10973,0.5932
10974,0.6635
10975,1.0321
10976,0.1752
10977,1.8967
10978,1.2927
10979,1.0908
10980,1.0856
10981,0.8782
10982,0.1076
10983,1.0698
10984,0.4882
10985,1.0549
10986,0.6333
10987,1.119
10988,0.5229
10989,0.4977
10990,0.6992
10991,0.9532
10992,1.1704
10993,1.6473
10994,1.0141
10995,1.0903
10996,0.8086
10997,0.7094
10998,1.454
10999,0.7647
11000,0.568
11001,2.0112
11002,0.2922
11003,0.3627
11004,1.9481
11005,0.8395
11006,0.4532
11007,1.3805
11008,0.3007
11009,2.1704
11010,1.5095
11011,0.631
11012,2.0402
11013,1.4465
11014,0.4846
11015,0.3945
11016,0.4778
11017,1.013
11018,0.2993
11019,1.5496
11020,0.3393
11021,1.6937
11022,1.7375
11023,0.4628
11024,0.4288
11025,0.4748
11026,2.1509
11027,2.5256
11028,0.6948
11029,1.9731
11030,0.7196
11031,0.7757
11032,0.6255
11033,1.4408
11034,1.5562
11035,0.3865
11036,1.855
11037,1.4425
11038,0.5657
11039,0.9052
11040,0.3278
11041,0.5791
11042,0.9064
11043,1.3631
11044,1.4813
11045,1.4561
11046,0.4865
11047,0.5699
11048,0.2475
11049,0.4147
11050,1.2744
11051,0.3486
11052,0.3038
11053,2.1726
11054,0.3334
11055,0.8373
11056,0.9056
11057,0.3035
11058,1.2987
11059,0.5609
11060,0.6619
11061,2.023
11062,1.7455
11063,0.8159
11064,0.7508
11065,0.7835
11066,1.0896
11067,0.986
11068,0.8103
11069,0.8235
11070,1.9483
11071,0.5481
11072,0.4454
11073,0.6735
11074,0.4614
11075,2.1267
11076,0.2074
11077,0.3552
11078,0.3367
11079,1.912
11080,1.6266
11081,1.2857
11082,2.1386
11083,1.8279
11084,1.6401
11085,0.2093
11086,2.4357
11087,0.2568
11088,0.2498
11089,2.1256
11090,2.247
11091,0.3827
11092,1.5231
11093,0.3682
11094,1.2843
11095,0.8784
11096,1.712
11097,1.8716
11098,1.6624
11099,0.2741
11100,0.3738
11101,1.5451
11102,1.6473
11103,0.3499
11104,0.5178
11105,1.0137
11106,0.8066
11107,0.5362
11108,0.4416
11109,1.8027
11110,2.2436
11111,0.2218
11112,2.1842
11113,2.2042
11114,0.4424
11115,0.4571
11116,1.9798
11117,0.1431
11118,2.1913
11119,2.0718
11120,0.2001
11121,1.777
11122,1.6911
11123,1.7126
11124,0.1959
11125,0.3288
11126,0.4687
11127,0.4835
11128,0.3483
11129,0.4536
11130,1.2964
11131,0.9595
11132,1.1091
11133,1.4078
11134,0.9076
11135,0.9102
11136,0.3482
11137,0.6898
11138,0.1875
11139,1.3934
11140,0.8734
11141,0.8397
11142,0.8175
11143,0.2303
11144,0.7978
11145,0.7039
11146,0.5939
11147,0.3474
11148,0.392
11149,0.774
11150,0.2815
11151,0.3656
11152,0.3031
11153,2.0464
11154,0.3465
11155,2.0678
11156,0.2732
11157,0.1638
11158,0.486
11159,0.2851
11160,0.4427
11161,0.3593
11162,0.2465
11163,2.0326
11164,0.3754
11165,0.4686
11166,0.6282
11167,1.7679
11168,0.4877
11169,0.3716
11170,0.4384
11171,0.461
11172,0.5231
11173,1.7394
11174,0.2142
11175,0.6041
11176,0.584
11177,1.5937
11178,1.7513
11179,0.5013
11180,2.2218
11181,0.3462
11182,2.22
11183,0.3734
11184,0.349
11185,0.4424
11186,1.9292
11187,0.2543
11188,0.4993
11189,0.3317
11190,1.6058
11191,1.5628
11192,1.8187
11193,0.4508
11194,0.8177
11195,1.1336
11196,1.2716
11197,0.5517
11198,1.1451
11199,1.0365
11200,1.1551
11201,0.5742
11202,0.5677
11203,1.3461
11204,0.5256
11205,1.1253
11206,0.9968
11207,0.6002
11208,0.8099
11209,1.2468
11210,1.3841
11211,2.4087
11212,0.6862
11213,0.2931
11214,1.0703
11215,0.4888
11216,1.237
11217,0.7744
11218,1.017
11219,1.431
11220,0.8156
11221,0.6217
11222,0.3742
11223,0.5147
11224,1.0236
11225,1.1544
11226,0.6411
11227,0.7104
11228,0.7512
11229,0.7259
11230,0.7331
11231,1.4033
11232,1.4336
11233,0.9288
11234,0.9469
11235,1.0219
11236,0.46
11237,0.9629
11238,1.1005
11239,1.2291
11240,2.3593
11241,0.2273
11242,0.6608
11243,0.9081
11244,0.5187
11245,1.6176
11246,1.5788
11247,1.3514
11248,1.037
11249,1.7129
11250,1.1007
11251,0.5961
11252,0.8718
11253,1.426
11254,1.0939
11255,1.2386
11256,0.4031
11257,0.373
11258,0.1544
11259,1.7326
11260,0.2861
11261,1.2521
11262,0.7551
11263,0.7817
11264,0.9263
11265,0.9863
11266,0.2741
11267,0.4396
11268,0.7163
11269,0.5094
11270,1.5539
11271,0.6893
11272,1.8139
11273,0.3115
11274,2.2406
11275,1.8562
11276,0.3688
11277,0.3579
11278,0.3396
11279,0.6945
11280,0.8564
11281,0.8719
11282,0.6604
11283,1.1965
11284,0.4264
11285,0.5398
11286,1.6195
11287,0.6139
11288,1.6126
11289,1.816
11290,0.3887
11291,0.3667
11292,0.6039
11293,0.7563
11294,0.8748
11295,0.3071
11296,0.8641
11297,1.1803
11298,0.8697
11299,0.3964
11300,0.9319
11301,0.4614
11302,0.3627
11303,1.3981
11304,0.7639
11305,0.5086
11306,1.085
11307,1.6093
11308,1.3912
11309,0.7098
11310,1.2429
11311,1.5469
11312,0.9122
11313,0.4952
11314,1.2212
11315,0.2023
11316,0.3314
11317,0.4014
11318,1.1476
11319,0.3651
11320,1.0195
11321,1.1986
11322,1.5449
11323,0.3305
11324,1.2699
11325,1.0286
11326,1.5156
11327,1.4566
11328,0.496
11329,0.5437
11330,0.7248
11331,0.4796
11332,0.3562
11333,0.1971
11334,0.4455
11335,1.3087
11336,0.5428
11337,1.7614
11338,0.3497
11339,0.4643
11340,1.7244
11341,0.476
11342,0.4384
11343,0.2505
11344,0.4134
11345,0.3144
11346,2.2547
11347,2.7575
11348,1.8628
11349,0.3474
11350,0.2484
11351,1.7623
11352,0.8834
11353,1.7628
11354,1.9121
11355,0.4579
11356,0.4497
11357,1.8727
11358,2.4364
11359,0.3139
11360,2.1013
11361,1.7848
11362,0.2995
11363,1.8821
11364,0.2202
11365,0.5011
11366,0.4313
11367,0.2962
11368,0.398
11369,1.6451
11370,1.9651
11371,0.5513
11372,1.1695
11373,0.4704
11374,0.6914
11375,0.4537
11376,0.2601
11377,0.5084
11378,1.8478
11379,1.1737
11380,0.8611
11381,0.5269
11382,0.5109
11383,0.3798
11384,1.3278
11385,1.3637
11386,0.9095
11387,1.3411
11388,1.9907
11389,0.9343
11390,0.2402
11391,0.853
11392,0.5417
11393,0.8409
11394,1.4708
11395,0.3766
11396,0.2807
11397,1.159
11398,1.868
11399,0.5871
11400,0.491
11401,0.3211
11402,0.4528
11403,0.586
11404,0.6532
11405,1.131
11406,1.4995
11407,1.0252
11408,1.3951
11409,1.0945
11410,1.2188
11411,1.6704
11412,0.3087
11413,0.6242
11414,2.0827
11415,0.4905
11416,0.2279
11417,0.4309
11418,0.3323
11419,2.0204
11420,0.4418
11421,1.7404
11422,1.6808
11423,2.327
11424,0.3821
11425,0.5193
11426,1.5854
11427,1.467
11428,0.5741
11429,0.7579
11430,1.0898
11431,1.2068
11432,1.0033
11433,1.0145
11434,1.5327
11435,0.3945
11436,1.3213
11437,1.2949
11438,1.3727
11439,1.4796
11440,0.5155
11441,1.6334
11442,0.6007
11443,0.3505
11444,1.687
11445,0.4246
11446,0.9415
11447,0.2238
11448,0.4581
11449,0.6984
11450,0.3338
11451,0.2309
11452,0.3253
11453,0.2743
11454,0.494
11455,0.7367
11456,1.8369
11457,0.5054
11458,0.503
11459,2.0786
11460,0.3403
11461,2.1381
11462,0.2058
11463,0.2215
11464,2.2096
11465,1.9924
11466,0.1498
11467,2.7899
11468,2.6067
11469,2.5854
11470,0.2565
11471,0.1636
11472,0.2756
11473,0.2564
11474,2.2959
11475,0.2182
11476,1.6163
11477,0.3456
11478,2.3311
11479,0.8354
11480,0.3445
11481,0.6137
11482,1.8919
11483,0.2697
11484,0.427
11485,1.477
11486,0.3324
11487,1.1646
11488,0.5545
11489,0.6465
11490,1.1826
11491,1.0021
11492,0.7322
11493,1.7246
11494,0.3415
11495,0.4333
11496,1.615
11497,1.2645
11498,0.6982
11499,0.822
11500,1.3231
11501,0.7999
11502,0.7145
11503,1.062
11504,0.9629
11505,1.1099
11506,1.0985
11507,0.1999
11508,1.1894
11509,1.1466
11510,0.317
11511,1.2037
11512,0.9614
11513,1.4448
11514,0.8788
11515,0.6963
11516,0.5536
11517,0.7956
11518,0.7786
11519,1.5814
11520,0.3393
11521,1.5963
11522,1.3038
11523,0.4743
11524,1.1049
11525,0.684
11526,0.4589
11527,1.5964
11528,1.6228
11529,1.8427
11530,1.6256
11531,0.2873
11532,0.2493
11533,0.3053
11534,0.4606
11535,1.8862
11536,0.4853
11537,0.361
11538,0.481
11539,1.8969
11540,0.4508
11541,1.1724
11542,0.3202
11543,1.1697
11544,0.4795
11545,1.0702
11546,0.9245
11547,0.8211
11548,1.108
11549,2.1587
11550,0.7227
11551,0.7937
11552,0.747
11553,0.5426
11554,0.2409
11555,1.2077
11556,2.5909
11557,0.8518
11558,0.6414
11559,0.7922
11560,0.5432
11561,0.3424
11562,0.2875
11563,0.3522
11564,0.1872
11565,1.4611
11566,1.4134
11567,1.162
11568,0.5625
11569,0.8615
11570,1.1725
11571,0.3141
11572,0.8277
11573,1.5797
11574,1.3121
11575,1.3681
11576,0.5272
11577,1.1919
11578,0.3977
11579,1.4762
11580,1.9081
11581,0.2281
11582,1.6338
11583,0.3173
11584,0.3857
11585,0.3034
11586,1.4818
11587,0.6892
11588,1.8882
11589,0.3101
11590,0.2424
11591,1.6162
11592,0.3828
11593,2.0313
11594,0.3234
11595,1.5553
11596,0.3633
11597,0.7156
11598,0.7922
11599,0.9714
11600,0.9176
11601,0.7478
11602,1.4946
11603,0.614
11604,0.9339
11605,1.2791
11606,0.4522
11607,0.5762
11608,0.4841
11609,0.4905
11610,0.5993
11611,1.1408
11612,0.9361
11613,0.7944
11614,0.8957
11615,0.5267
11616,0.6152
11617,0.4233
11618,0.3167
11619,1.4472
11620,0.6462
11621,0.8745
11622,0.595
11623,0.7311
11624,0.7015
11625,1.4573
11626,1.2905
11627,0.3985
11628,0.8125
11629,0.4115
11630,1.3452
11631,1.5474
11632,0.1952
11633,2.006
11634,1.4808
11635,0.7487
11636,1.6159
11637,0.6265
11638,1.5077
11639,1.5254
11640,1.4841
11641,1.3577
11642,0.4283
11643,1.2845
11644,1.2217
11645,1.0695
11646,0.9609
11647,1.1445
11648,1.22
11649,1.0643
11650,1.0899
11651,1.0109
11652,0.248
11653,0.9691
11654,0.5612
11655,1.7285
11656,0.5444
11657,0.244
11658,0.2714
11659,0.4085
11660,0.8207
11661,0.5567
11662,1.1243
11663,1.1297
11664,1.2373
11665,0.5252
11666,0.777
11667,0.4997
11668,0.7837
11669,0.9547
11670,0.7265
11671,1.0518
11672,1.1246
11673,1.1441
11674,1.2906
11675,2.337
11676,0.5736
11677,2.3495
11678,1.7466
11679,0.2116
11680,0.3259
11681,0.2142
11682,1.9304
11683,0.3344
11684,0.513
11685,0.1892
11686,0.5477
11687,0.7145
11688,0.6365
11689,0.322
11690,1.8252
11691,0.978
11692,0.6832
11693,1.8664
11694,1.7011
11695,1.1962
11696,0.9038
11697,0.9108
11698,1.1972
11699,1.2759
11700,1.2468
11701,1.3585
11702,0.9987
11703,0.5337
11704,1.4796
11705,1.5257
11706,0.8209
11707,1.301
11708,0.2538
11709,0.377
11710,1.2024
11711,0.8248
11712,0.2629
11713,1.0962
11714,1.9103
11715,0.3123
11716,0.953
11717,0.8271
11718,0.8268
11719,0.5685
11720,1.8585
11721,0.2513
11722,1.3709
11723,1.2826
11724,1.1031
11725,0.6814
11726,1.0052
11727,1.1157
11728,0.8637
11729,0.2912
11730,1.3922
11731,0.7767
11732,1.2986
11733,1.1861
11734,0.2908
11735,0.8265
11736,0.8431
11737,1.2472
11738,1.4609
11739,0.6747
11740,0.7829
11741,0.3727
11742,1.6555
11743,0.3768
11744,0.2437
11745,1.3754
11746,1.2473
11747,1.5645
11748,1.3734
11749,2.2515
11750,0.2597
11751,1.8536
11752,1.9751
11753,3.2786
11754,0.2932
11755,0.3215
11756,0.3616
11757,0.1851
11758,2.0891
11759,0.4399
11760,0.6516
11761,1.9776
11762,0.2605
11763,0.2443
11764,1.6517
11765,0.1911
11766,0.4496
11767,0.4204
11768,1.4353
11769,1.8388
11770,0.2139
11771,1.8083
11772,0.3934
11773,0.5511
11774,0.4787
11775,1.4823
11776,0.8386
11777,0.8642
11778,1.2047
11779,0.9447
11780,0.3605
11781,1.727
11782,1.8929
11783,0.6624
11784,0.5388
11785,2.0337
11786,0.9679
11787,0.77
11788,1.0495
11789,0.7845
11790,1.2801
11791,2.0976
11792,0.8787
11793,1.4263
11794,1.6408
11795,0.9922
11796,0.4413
11797,0.3644
11798,0.6565
11799,0.3904
11800,1.0149
11801,1.0976
11802,0.3624
11803,0.7911
11804,0.2024
11805,0.2621
11806,1.3742
11807,1.0132
11808,1.7456
11809,0.6133
11810,0.4142
11811,2.3134
11812,1.9643
11813,2.2686
11814,0.4904
11815,1.1038
11816,0.4861
11817,0.2227
11818,1.9065
11819,0.4555
11820,0.6308
11821,1.4113
11822,2.1418
11823,0.7496
11824,0.7911
11825,0.9759
11826,0.9521
11827,0.7976
11828,0.8806
11829,0.7193
11830,0.8969
11831,0.2881
11832,0.6623
11833,1.2089
11834,1.8166
11835,0.3482
11836,0.7318
11837,1.1731
11838,0.3577
11839,1.4861
11840,1.443
11841,1.0704
11842,1.0568
11843,0.7134
11844,0.9719
11845,2.6553
11846,2.2485
11847,2.0075
11848,0.3388
11849,2.0462
11850,0.1528
11851,0.4716
11852,2.4899
11853,0.573
11854,0.2002
11855,0.6364
11856,1.7963
11857,1.0172
11858,1.6886
11859,1.3505
11860,1.8504
11861,1.6945
11862,2.2452
11863,0.2207
11864,0.2154
11865,0.1421
11866,0.1492
11867,0.2787
11868,0.211
11869,2.7476
11870,0.3138
11871,0.2294
11872,0.2069
11873,1.8953
11874,0.3448
11875,0.2713
11876,0.4709
11877,0.1988
11878,0.5297
11879,0.5638
11880,0.417
11881,0.2602
11882,0.4708
11883,1.6405
11884,0.5902
11885,1.0298
11886,0.1649
11887,0.3658
11888,0.507
11889,0.7752
11890,0.4018
11891,1.8756
11892,0.3327
11893,0.217
11894,1.5114
11895,0.845
11896,0.6842
11897,0.7368
11898,1.6577
11899,0.3905
11900,0.4086
11901,1.5737
11902,0.6583
11903,0.2269
11904,1.763
11905,1.6021
11906,0.4919
11907,1.5103
11908,0.2212
11909,0.6591
11910,0.63
11911,1.344
11912,1.7706
11913,0.2444
11914,0.4456
11915,0.9202
11916,1.0651
11917,1.3095
11918,0.7882
11919,0.399
11920,1.7725
11921,0.3264
11922,0.3095
11923,0.2462
11924,0.2686
11925,0.2316
11926,0.2724
11927,0.3083
11928,0.3108
11929,2.2239
11930,2.1725
11931,0.1441
11932,1.9336
11933,0.3443
11934,0.3996
11935,2.094
11936,0.373
11937,1.5899
11938,0.5179
11939,2.3217
11940,0.1969
11941,0.3384
11942,1.859
11943,0.4178
11944,0.2413
11945,0.3562
11946,0.2853
11947,0.1939
11948,0.3127
11949,1.7429
11950,0.352
11951,0.4968
11952,2.3316
11953,0.2995
11954,1.8687
11955,0.6454
11956,0.1394
11957,0.2082
11958,0.3603
11959,2.9375
11960,0.2438
11961,0.4875
11962,0.327
11963,0.8072
11964,1.5912
11965,1.6281
11966,0.2177
11967,1.5352
11968,1.5216
11969,0.7447
11970,1.018
11971,0.9502
11972,0.6662
11973,1.1372
11974,1.3296
11975,0.7879
11976,0.3143
11977,1.2599
11978,1.3128
11979,2.0731
11980,0.5249
11981,1.3328
11982,0.3107
11983,1.5109
11984,0.1979
11985,1.5348
11986,1.7276
11987,2.03
11988,0.2938
11989,0.3263
11990,2.0882
11991,2.2025
11992,1.9167
11993,1.4783
11994,1.3015
11995,0.1659
11996,0.2216
11997,0.8949
11998,0.8153
11999,0.5341
12000,0.5128
12001,0.7261
12002,1.1729
12003,1.3616
12004,0.5829
12005,1.0737
12006,1.0056
12007,0.3353
12008,0.7915
12009,0.589
12010,1.0042
12011,1.6899
12012,0.6301
12013,0.4914
12014,0.5055
12015,0.5864
12016,0.7226
12017,0.8864
12018,1.1229
12019,0.9197
12020,0.5689
12021,0.7263
12022,0.8805
12023,0.2823
12024,0.2036
12025,1.4094
12026,1.2996
12027,1.4363
12028,0.6242
12029,1.1073
12030,0.7361
12031,0.8993
12032,1.0928
12033,1.209
12034,0.2709
12035,1.0962
12036,1.4864
12037,1.2623
12038,1.1526
12039,0.8986
12040,0.529
12041,0.4793
12042,2.6933
12043,0.2572
12044,1.2995
12045,0.3258
12046,1.0807
12047,0.2943
12048,0.4622
12049,0.1945
12050,0.5663
12051,1.6068
12052,0.402
12053,0.9019
12054,1.5261
12055,0.8537
12056,1.1648
12057,1.221
12058,1.4612
12059,0.9086
12060,0.2866
12061,0.2965
12062,0.6351
12063,0.53
12064,0.6321
12065,1.7658
12066,1.3425
12067,1.6499
12068,1.1415
12069,1.0688
12070,0.2281
12071,1.2975
12072,1.0231
12073,0.2824
12074,1.1525
12075,0.7243
12076,2.4888
12077,0.2709
12078,0.3499
12079,1.791
12080,1.8704
12081,0.3604
12082,2.1889
12083,0.3986
12084,0.2482
12085,0.2651
12086,0.4702
12087,1.2641
12088,0.4681
12089,0.6329
12090,1.0762
12091,1.2791
12092,1.4315
12093,1.3828
12094,1.8299
12095,0.4819
12096,0.3434
12097,1.7304
12098,0.46
12099,0.6662
12100,0.1783
12101,0.2851
12102,0.2015
12103,0.3107
12104,2.8924
12105,2.1561
12106,2.6141
12107,0.2468
12108,0.2075
12109,2.2241
12110,2.442
12111,0.194
12112,0.1646
12113,0.1877
12114,1.0232
12115,0.6761
12116,0.3741
12117,1.6503
12118,0.4986
12119,0.2662
12120,0.3494
12121,0.381
12122,0.3474
12123,0.4605
12124,0.1585
12125,0.4546
12126,1.8438
12127,0.4426
12128,0.4044
12129,1.5354
12130,0.576
12131,1.2021
12132,0.7469
12133,0.6556
12134,1.0455
12135,1.5266
12136,1.1666
12137,1.1148
12138,0.6034
12139,0.9327
12140,0.8433
12141,1.0458
12142,1.6881
12143,0.5838
12144,1.6754
12145,1.0763
12146,0.6932
12147,1.3168
12148,1.4138
12149,0.3804
12150,1.1729
12151,1.5932
12152,0.7913
12153,0.859
12154,1.4358
12155,2.0288
12156,1.4408
12157,1.6004
12158,0.977
12159,1.2032
12160,1.2419
12161,1.3159
12162,1.2456
12163,0.3221
12164,0.6725
12165,0.3528
12166,0.2506
12167,1.7971
12168,0.4608
12169,0.4492
12170,0.3266
12171,0.7626
12172,0.7885
12173,1.0482
12174,0.7969
12175,0.7278
12176,1.1412
12177,0.469
12178,1.527
12179,0.1754
12180,0.1654
12181,0.2075
12182,2.1481
12183,0.2704
12184,0.4473
12185,0.4222
12186,0.2408
12187,0.1791
12188,0.2335
12189,0.309
12190,0.2174
12191,0.2434
12192,0.3846
12193,0.4675
12194,0.267
12195,0.5683
12196,0.4233
12197,1.7193
12198,2.2627
12199,0.3506
12200,0.579
12201,2.1315
12202,0.3641
12203,0.4635
12204,0.7785
12205,2.0915
12206,0.6626
12207,1.4705
12208,1.6197
12209,1.072
12210,0.8905
12211,0.5497
12212,1.5729
12213,0.8376
12214,1.2606
12215,0.7307
12216,1.2441
12217,1.0073
12218,1.3969
12219,0.6357
12220,0.7601
12221,1.3634
12222,0.7375
12223,1.1584
12224,1.2735
12225,1.6158
12226,0.4057
12227,0.3813
12228,0.5388
12229,0.5541
12230,0.7371
12231,0.7859
12232,0.7816
12233,0.5626
12234,0.8318
12235,0.6481
12236,1.5755
12237,2.0532
12238,0.3627
12239,0.2404
12240,0.4246
12241,1.9769
12242,1.9094
12243,1.4762
12244,0.7353
12245,0.6561
12246,0.4499
12247,1.7294
12248,1.6086
12249,0.6724
12250,1.2522
12251,1.7408
12252,1.0904
12253,1.2686
12254,0.2188
12255,0.9248
12256,0.5601
12257,1.2816
12258,0.9609
12259,0.414
12260,0.8361
12261,1.2501
12262,0.6699
12263,1.3941
12264,1.0678
12265,0.8559
12266,0.8668
12267,0.606
12268,0.7692
12269,0.3719
12270,1.6569
12271,0.2454
12272,0.704
12273,0.7157
12274,0.7664
12275,0.8056
12276,0.899
12277,0.4816
12278,0.5539
12279,0.6128
12280,1.1056
12281,1.3048
12282,0.4579
12283,1.4156
12284,1.315
12285,0.4171
12286,0.5835
12287,1.465
12288,1.0551
12289,1.3601
12290,0.3714
12291,2.0877
12292,0.3294
12293,0.4678
12294,1.8996
12295,1.746
12296,0.1658
12297,0.3998
12298,0.2763
12299,0.2975
12300,0.1561
12301,2.2138
12302,0.2957
12303,0.3753
12304,2.2668
12305,0.2928
12306,1.9998
12307,0.1381
12308,1.741
12309,0.6763
12310,1.0581
12311,0.9548
12312,0.5933
12313,2.0912
12314,1.4781
12315,0.1911
12316,1.3616
12317,1.0226
12318,1.5071
12319,1.0299
12320,0.5992
12321,1.2165
12322,0.8067
12323,0.9001
12324,0.8139
12325,0.7864
12326,0.6892
12327,0.8353
12328,0.5096
12329,1.595
12330,0.6161
12331,1.5192
12332,1.9605
12333,1.7438
12334,2.0099
12335,1.5896
12336,2.0134
12337,0.2592
12338,1.9056
12339,0.517
12340,0.379
12341,0.4177
12342,0.165
12343,1.9624
12344,0.4144
12345,1.5937
12346,0.5609
12347,0.2472
12348,0.4005
12349,1.6248
12350,0.3452
12351,1.806
12352,0.1628
12353,0.2816
12354,0.2701
12355,2.0424
12356,1.6706
12357,0.2015
12358,0.1702
12359,0.3182
12360,0.2142
12361,1.982
12362,1.5556
12363,0.4678
12364,0.3774
12365,0.178
12366,1.0135
12367,1.4437
12368,1.1987
12369,0.7563
12370,0.9158
12371,0.9559
12372,2.1937
12373,0.5257
12374,0.3335
12375,0.2603
12376,0.3745
12377,1.8528
12378,0.9519
12379,0.4701
12380,0.3439
12381,0.3792
12382,1.9759
12383,1.1138
12384,2.0412
12385,0.1706
12386,0.5111
12387,1.318
12388,0.8466
12389,1.4645
12390,0.6675
12391,1.0775
12392,1.2175
12393,0.2684
12394,0.9051
12395,0.4049
12396,0.8384
12397,0.4307
12398,1.6239
12399,1.4309
12400,1.2593
12401,0.5569
12402,1.1139
12403,1.2358
12404,0.8185
12405,0.2526
12406,1.7329
12407,0.5597
12408,0.2333
12409,0.662
12410,1.1237
12411,0.6772
12412,1.6993
12413,0.4523
12414,0.6832
12415,1.5062
12416,1.8213
12417,1.115
12418,1.9309
12419,0.7827
12420,1.3989
12421,0.6849
12422,1.4602
12423,0.3174
12424,0.976
12425,0.3576
12426,0.3853
12427,0.2976
12428,0.4576
12429,0.4697
12430,0.5034
12431,0.3755
12432,1.7022
12433,1.8022
12434,0.4872
12435,0.3485
12436,1.6671
12437,0.5042
12438,3.1296
12439,0.706
12440,0.4982
12441,0.9455
12442,0.4479
12443,1.5522
12444,0.4095
12445,1.9064
12446,0.1887
12447,0.2706
12448,1.3017
12449,0.9918
12450,1.0046
12451,0.9045
12452,0.5044
12453,0.6879
12454,1.7314
12455,0.4589
12456,1.477
12457,0.6712
12458,1.1943
12459,1.4301
12460,1.2397
12461,1.0381
12462,1.5948
12463,0.5167
12464,0.7113
12465,0.9616
12466,0.5143
12467,1.645
12468,0.9191
12469,0.1797
12470,1.732
12471,0.2404
12472,0.6906
12473,1.8302
12474,0.519
12475,0.1722
12476,2.0274
12477,0.4365
12478,2.3937
12479,3.0907
12480,0.367
12481,2.1473
12482,0.2906
12483,0.3597
12484,1.4162
12485,2.4157
12486,0.219
12487,0.1905
12488,2.9024
12489,2.4917
12490,0.3495
12491,0.253
12492,0.2116
12493,0.2655
12494,0.2729
12495,2.1423
12496,1.3175
12497,0.6516
12498,1.4038
12499,1.6836
12500,1.3799
12501,0.8468
12502,1.4423
12503,1.0768
12504,0.6172
12505,0.7913
12506,0.7068
12507,0.6859
12508,0.8867
12509,1.1296
12510,1.4187
12511,0.2741
12512,1.2668
12513,1.1612
12514,1.0002
12515,1.5485
12516,0.4383
12517,1.3129
12518,1.4403
12519,0.5631
12520,0.664
12521,0.7022
12522,0.3732
12523,0.7209
12524,0.8511
12525,0.6023
12526,0.3904
12527,1.9344
12528,0.2318
12529,0.1541
12530,0.1761
12531,2.3459
12532,0.2801
12533,0.1385
12534,0.1418
12535,0.2891
12536,2.2368
12537,0.5027
12538,0.4175
12539,0.435
12540,2.0633
12541,1.5925
12542,0.4687
12543,2.1556
12544,1.6225
12545,1.3859
12546,0.7154
12547,1.7316
12548,0.4665
12549,0.5208
12550,0.4067
12551,1.3018
12552,0.4712
12553,0.5872
12554,0.7174
12555,1.0208
12556,1.0239
12557,0.8848
12558,0.1469
12559,0.188
12560,0.4184
12561,0.6528
12562,0.4558
12563,0.249
12564,1.314
12565,1.9246
12566,1.6559
12567,1.4461
12568,0.3723
12569,0.3355
12570,1.7641
12571,0.7584
12572,1.4801
12573,0.2424
12574,1.3617
12575,0.358
12576,0.7735
12577,1.1884
12578,0.592
12579,1.1084
12580,1.2766
12581,0.7437
12582,0.9596
12583,1.7396
12584,0.4528
12585,1.079
12586,0.9781
12587,0.8604
12588,1.6176
12589,0.6643
12590,2.4094
12591,0.207
12592,2.6151
12593,0.224
12594,0.2791
12595,0.4503
12596,2.0756
12597,1.127
12598,0.4568
12599,1.2003
12600,0.9301
12601,1.2875
12602,1.0224
12603,1.305
12604,0.4243
12605,0.9439
12606,0.6776
12607,0.76
12608,1.9339
12609,1.1212
12610,1.5512
12611,0.9443
12612,0.3936
12613,2.004
12614,0.2266
12615,1.8071
12616,1.3173
12617,0.5167
12618,0.2151
12619,2.9489
12620,0.7284
12621,0.3382
12622,0.5263
12623,0.4536
12624,0.8206
12625,0.5934
12626,1.9927
12627,0.3766
12628,0.3592
12629,0.5905
12630,3.239
12631,0.3978
12632,1.3575
12633,1.1816
12634,0.3193
12635,1.0359
12636,0.6359
12637,1.6871
12638,0.6664
12639,1.1079
12640,0.8431
12641,0.4213
12642,0.282
12643,1.0544
12644,0.2619
12645,0.4097
12646,1.5515
12647,1.1495
12648,0.225
12649,1.4069
12650,1.3689
12651,0.3425
12652,2.3191
12653,0.1671
12654,2.3087
12655,1.1346
12656,2.1559
12657,1.1372
12658,0.9254
12659,1.1044
12660,1.1477
12661,0.6619
12662,0.831
12663,0.628
12664,0.6365
12665,1.1959
12666,0.9579
12667,2.0094
12668,1.1392
12669,0.6445
12670,1.6738
12671,0.3661
12672,0.8837
12673,0.9878
12674,0.9627
12675,0.383
12676,0.8603
12677,0.8703
12678,1.36
12679,0.8765
12680,0.3243
12681,0.3845
12682,0.5117
12683,0.7295
12684,1.0681
12685,0.5641
12686,0.3833
12687,1.3894
12688,1.3051
12689,1.6789
12690,0.8142
12691,1.0855
12692,1.6506
12693,1.3758
12694,0.6832
12695,1.3042
12696,1.2372
12697,0.6591
12698,0.9479
12699,1.0594
12700,0.8183
12701,0.7735
12702,0.7158
12703,1.1761
12704,0.8322
12705,0.4739
12706,1.5404
12707,0.6103
12708,0.5493
12709,0.4392
12710,0.9439
12711,0.5847
12712,0.3766
12713,1.4223
12714,1.5112
12715,0.2946
12716,1.9326
12717,0.4871
12718,0.5348
12719,0.97
12720,1.501
12721,0.3688
12722,1.6114
12723,0.6198
12724,0.3844
12725,0.6626
12726,1.575
12727,1.3372
12728,0.8928
12729,0.5327
12730,0.693
12731,0.8078
12732,1.6523
12733,0.1549
12734,0.6705
12735,1.7898
12736,0.4122
12737,0.8623
12738,0.2021
12739,2.2449
12740,0.8175
12741,1.0264
12742,1.1229
12743,0.9886
12744,0.2374
12745,0.3905
12746,1.0183
12747,0.6921
12748,0.8703
12749,0.8145
12750,0.6847
12751,1.2756
12752,1.809
12753,0.2169
12754,1.0844
12755,0.3233
12756,1.1223
12757,1.1686
12758,1.3757
12759,1.2229
12760,0.9852
12761,0.7538
12762,0.4643
12763,0.2555
12764,0.6622
12765,1.32
12766,0.6162
12767,0.4424
12768,1.5859
12769,0.2932
12770,0.1769
12771,2.055
12772,0.4545
12773,0.5768
12774,0.4125
12775,1.4773
12776,1.3406
12777,1.4325
12778,1.2183
12779,0.389
12780,0.6706
12781,0.7693
12782,0.7589
12783,0.572
12784,1.1964
12785,1.1613
12786,1.2845
12787,1.2347
12788,0.1319
12789,0.2131
12790,0.6309
12791,0.7222
12792,0.3977
12793,1.3007
12794,1.7315
12795,1.5231
12796,1.2808
12797,0.4334
12798,0.5021
12799,0.7073
12800,1.4112
12801,0.7542
12802,0.5919
12803,1.3713
12804,0.2299
12805,1.5795
12806,0.3391
12807,1.7894
12808,1.561
12809,1.8146
12810,1.3414
12811,1.498
12812,1.0824
12813,0.6883
12814,0.4422
12815,0.5699
12816,0.9013
12817,0.9066
12818,0.5599
12819,0.7484
12820,0.5508
12821,1.6459
12822,0.6748
12823,2.8819
12824,0.5148
12825,0.8254
12826,0.6328
12827,0.9732
12828,0.6731
12829,1.0506
12830,1.0069
12831,0.5767
12832,0.6725
12833,1.1514
12834,1.046
12835,2.4173
12836,0.9172
12837,1.2278
12838,0.3664
12839,1.4001
12840,0.5287
12841,0.4178
12842,0.9697
12843,1.42
12844,1.0223
12845,0.3491
12846,0.2351
12847,0.6548
12848,0.1786
12849,1.1535
12850,1.6709
12851,0.5591
12852,1.055
12853,1.6225
12854,0.6658
12855,0.4651
12856,1.8968
12857,0.2365
12858,2.1249
12859,2.1719
12860,1.7961
12861,0.379
12862,1.1795
12863,0.4705
12864,0.6793
12865,0.664
12866,1.3471
12867,1.4642
12868,0.5499
12869,1.0259
12870,0.5128
12871,1.1684
12872,0.694
12873,1.1139
12874,1.2735
12875,0.3673
12876,0.3445
12877,1.2495
12878,1.0752
12879,0.4483
12880,1.3514
12881,0.4574
12882,1.4414
12883,2.0635
12884,1.1411
12885,1.7859
12886,1.2296
12887,0.3545
12888,0.9465
12889,1.0485
12890,0.9618
12891,0.3056
12892,0.6907
12893,0.8954
12894,0.37
12895,0.2018
12896,1.4326
12897,0.4586
12898,1.5127
12899,0.695
12900,1.7197
12901,1.7847
12902,0.1623
12903,0.2171
12904,0.2119
12905,0.5456
12906,1.4971
12907,0.3691
12908,1.3792
12909,1.4428
12910,0.5858
12911,1.4725
12912,0.9736
12913,0.9188
12914,0.8638
12915,0.5523
12916,0.8404
12917,0.216
12918,1.0782
12919,0.9418
12920,0.5337
12921,2.4781
12922,1.7826
12923,0.231
12924,0.1693
12925,2.4412
12926,1.8306
12927,2.1168
12928,0.2778
12929,0.3393
12930,0.1449
12931,0.2679
12932,2.0425
12933,0.3888
12934,0.671
12935,0.3189
12936,0.6898
12937,1.371
12938,0.918
12939,1.0658
12940,0.2733
12941,0.7832
12942,1.2578
12943,0.7277
12944,0.626
12945,1.4417
12946,0.9902
12947,0.8399
12948,0.1898
12949,0.6769
12950,0.914
12951,1.1294
12952,1.039
12953,0.6084
12954,1.4731
12955,1.1867
12956,0.8795
12957,0.9167
12958,0.9897
12959,0.606
12960,1.4804
12961,0.7913
12962,1.2708
12963,0.8045
12964,1.015
12965,0.7854
12966,1.1517
12967,0.8856
12968,1.4811
12969,1.3057
12970,0.6846
12971,1.145
12972,0.8724
12973,0.2965
12974,1.2919
12975,0.8125
12976,0.7736
12977,0.3986
12978,0.584
12979,0.8834
12980,0.9118
12981,0.9593
12982,0.684
12983,0.8388
12984,0.6067
12985,1.288
12986,0.8042
12987,0.9183
12988,1.3173
12989,0.5413
12990,0.971
12991,1.8865
12992,0.7126
12993,0.9277
12994,1.1202
12995,0.9541
12996,1.0732
12997,1.5044
12998,0.9238
12999,0.9909
13000,0.8949
13001,0.5841
13002,1.4046
13003,1.1481
13004,1.1798
13005,1.0884
13006,0.9723
13007,0.2723
13008,1.3469
13009,1.1095
13010,1.016
13011,0.9947
13012,0.3594
13013,0.8808
13014,1.2321
13015,0.902
13016,1.4864
13017,0.6592
13018,0.6602
13019,1.747
13020,0.6682
13021,1.3732
13022,0.8714
13023,0.7085
13024,0.5118
13025,1.4679
13026,0.2426
13027,1.7434
13028,0.4205
13029,1.6408
13030,0.4418
13031,0.6883
13032,1.6551
13033,0.815
13034,1.6342
13035,0.8119
13036,1.4885
13037,0.3638
13038,1.5833
13039,1.0681
13040,1.2608
13041,0.6032
13042,0.985
13043,0.4737
13044,0.7246
13045,0.9791
13046,0.6778
13047,0.8825
13048,0.5135
13049,1.2156
13050,0.6822
13051,0.9833
13052,1.3059
13053,1.2461
13054,1.342
13055,0.3143
13056,0.1841
13057,1.3028
13058,1.2209
13059,1.4847
13060,1.8712
13061,2.4778
13062,0.2072
13063,0.2417
13064,1.6735
13065,0.3692
13066,1.9178
13067,2.1922
13068,0.1996
13069,0.2623
13070,0.3929
13071,0.4346
13072,0.3495
13073,1.9664
13074,0.566
13075,1.7706
13076,0.3895
13077,0.8244
13078,0.6971
13079,0.9105
13080,0.2201
13081,0.2728
13082,0.5124
13083,1.4669
13084,1.0681
13085,0.6129
13086,1.3382
13087,0.4283
13088,1.4529
13089,0.2424
13090,2.0674
13091,0.2835
13092,1.9793
13093,0.3333
13094,0.3507
13095,0.2671
13096,0.1924
13097,2.5044
13098,0.1631
13099,0.2158
13100,0.2568
13101,1.6462
13102,0.3637
13103,0.3958
13104,1.882
13105,0.3704
13106,0.7959
13107,0.3189
13108,1.1315
13109,0.9131
13110,0.8057
13111,0.9675
13112,1.0906
13113,1.8182
13114,2.0651
13115,2.1176
13116,0.4554
13117,1.8496
13118,0.25
13119,0.2862
13120,0.3466
13121,1.7779
13122,1.5636
13123,0.3568
13124,0.3049
13125,1.5489
13126,0.1607
13127,0.2585
13128,0.6883
13129,1.1623
13130,1.3499
13131,2.0728
13132,2.2166
13133,2.4235
13134,0.3106
13135,2.6888
13136,0.7325
13137,0.3795
13138,0.6682
13139,0.7692
13140,0.3514
13141,0.2826
13142,1.7868
13143,0.5001
13144,1.3443
13145,1.251
13146,2.9004
13147,1.3632
13148,1.2594
13149,1.0047
13150,1.0672
13151,0.7731
13152,0.9869
13153,0.9853
13154,0.5828
13155,0.3435
13156,1.5664
13157,0.1722
13158,1.7667
13159,0.209
13160,2.51
13161,0.5788
13162,2.2366
13163,2.7236
13164,0.4185
13165,1.7959
13166,0.6027
13167,0.2424
13168,0.3693
13169,1.5604
13170,0.941
13171,1.1875
13172,1.0199
13173,0.2832
13174,0.5654
13175,0.1722
13176,0.296
13177,1.4744
13178,1.5499
13179,1.1027
13180,1.0426
13181,0.4889
13182,1.2296
13183,0.3859
13184,0.5256
13185,0.9429
13186,1.3725
13187,1.4231
13188,1.2737
13189,1.1314
13190,1.1415
13191,1.2978
13192,1.3153
13193,0.397
13194,1.0425
13195,0.9995
13196,0.9948
13197,0.8362
13198,1.6732
13199,0.2894
13200,0.3092
13201,1.7557
13202,0.3353
13203,0.6066
13204,1.0608
13205,0.8437
13206,0.7099
13207,2.4396
13208,2.0072
13209,0.5388
13210,0.3741
13211,0.4724
13212,0.629
13213,2.0604
13214,1.9846
13215,1.8382
13216,0.1252
13217,2.1589
13218,1.6121
13219,0.4597
13220,0.7672
13221,0.8318
13222,0.7619
13223,0.6225
13224,1.1683
13225,0.5337
13226,0.4298
13227,1.3437
13228,0.3073
13229,0.9223
13230,0.2847
13231,2.0401
13232,0.2596
13233,0.3628
13234,2.8151
13235,0.3654
13236,2.0485
13237,0.388
13238,0.1205
13239,0.3967
13240,0.5243
13241,2.0195
13242,2.7125
13243,2.3374
13244,0.2349
13245,0.5269
13246,0.5858
13247,2.0381
13248,0.6622
13249,0.412
13250,0.9965
13251,0.636
13252,1.4386
13253,0.8178
13254,0.8046
13255,0.2563
13256,1.8008
13257,0.1501
13258,2.3672
13259,0.1911
13260,0.1482
13261,1.4824
13262,1.2054
13263,0.7202
13264,1.3941
13265,0.8843
13266,0.6927
13267,1.1007
13268,1.2209
13269,1.0954
13270,0.2362
13271,2.318
13272,0.3085
13273,1.2553
13274,1.2794
13275,0.869
13276,0.8227
13277,1.4652
13278,0.8193
13279,0.8379
13280,0.9064
13281,0.6752
13282,0.9149
13283,0.5588
13284,0.4347
13285,0.875
13286,0.2169
13287,1.4474
13288,0.3139
13289,0.2516
13290,1.4199
13291,1.38
13292,0.7724
13293,0.1997
13294,1.8435
13295,0.3353
13296,0.293
13297,0.2548
13298,0.1789
13299,3.1707
13300,2.0572
13301,0.3042
13302,0.4517
13303,0.3967
13304,0.4573
13305,0.2172
13306,0.3074
13307,0.2421
13308,0.3226
13309,0.4948
13310,0.4734
13311,1.6439
13312,1.3614
13313,1.6739
13314,2.6802
13315,0.4503
13316,1.7978
13317,0.5041
13318,0.6335
13319,0.9418
13320,1.3577
13321,0.3975
13322,0.4488
13323,0.3313
13324,1.3524
13325,0.3011
13326,1.7191
13327,0.3735
13328,1.8639
13329,0.452
13330,0.3087
13331,0.1725
13332,1.9554
13333,0.3554
13334,1.8999
13335,0.6281
13336,0.2764
13337,1.8951
13338,0.1851
13339,0.2019
13340,0.2944
13341,1.72
13342,0.2029
13343,0.4298
13344,0.1899
13345,1.5993
13346,1.325
13347,0.9173
13348,0.8635
13349,0.9485
13350,0.9912
13351,0.5945
13352,0.8433
13353,0.9126
13354,1.429
13355,0.7618
13356,0.4195
13357,0.4996
13358,0.6506
13359,1.1438
13360,0.5592
13361,1.4705
13362,0.4625
13363,0.4724
13364,1.5202
13365,1.2487
13366,0.5728
13367,0.2967
13368,1.0063
13369,0.2629
13370,0.9715
13371,1.4667
13372,0.4369
13373,1.1598
13374,0.6129
13375,1.1929
13376,1.1441
13377,1.5074
13378,0.5877
13379,2.0049
13380,0.6679
13381,0.5594
13382,0.2647
13383,2.4174
13384,1.9596
13385,1.6843
13386,0.2509
13387,0.2025
13388,4.2166
13389,1.041
13390,1.6015
13391,0.2337
13392,0.1648
13393,0.247
13394,0.5478
13395,0.358
13396,1.3408
13397,1.0659
13398,1.1422
13399,0.4184
13400,0.7395
13401,0.5759
13402,0.2264
13403,0.8666
13404,0.6547
13405,0.8367
13406,0.4287
13407,0.8759
13408,0.729
13409,0.4744
13410,0.601
13411,0.5255
13412,1.0625
13413,1.6129
13414,1.1386
13415,1.0533
13416,0.6456
13417,0.5498
13418,1.2855
13419,0.651
13420,1.1492
13421,0.3974
13422,1.7188
13423,0.527
13424,1.83
13425,1.9359
13426,1.5888
13427,0.4364
13428,0.571
13429,0.1834
13430,0.2678
13431,0.4308
13432,0.3436
13433,0.2663
13434,0.5839
13435,0.3452
13436,0.5572
13437,0.453
13438,0.3383
13439,1.1898
13440,1.8071
13441,1.8817
13442,0.311
13443,0.8056
13444,0.3211
13445,1.5089
13446,1.1146
13447,0.2976
13448,0.9534
13449,1.1941
13450,0.5057
13451,0.472
13452,0.229
13453,0.2518
13454,1.9889
13455,0.3316
13456,0.6692
13457,2.0484
13458,0.2376
13459,0.2866
13460,0.316
13461,0.2305
13462,1.7719
13463,2.3413
13464,0.4156
13465,1.9612
13466,0.1823
13467,0.2762
13468,0.1187
13469,2.0384
13470,0.2071
13471,2.1296
13472,1.1627
13473,0.8131
13474,0.9757
13475,1.0355
13476,1.1921
13477,1.1774
13478,1.1101
13479,0.3935
13480,0.5189
13481,0.9158
13482,1.1626
13483,0.5274
13484,1.1295
13485,0.451
13486,1.1203
13487,0.619
13488,0.653
13489,0.5328
13490,0.7786
13491,1.1944
13492,0.8497
13493,1.2946
13494,0.9663
13495,0.72
13496,0.2349
13497,1.0746
13498,0.2479
13499,1.4028
13500,1.1118
13501,0.9566
13502,0.2942
13503,1.3626
13504,1.4349
13505,1.1854
13506,0.8102
13507,1.0032
13508,0.2321
13509,0.4987
13510,0.2112
13511,0.3735
13512,0.1868
13513,0.3052
13514,0.4197
13515,0.6586
13516,1.4336
13517,0.4721
13518,0.4412
13519,0.557
13520,0.4194
13521,0.7762
13522,0.4255
13523,0.6912
13524,1.3546
13525,0.4881
13526,1.4903
13527,1.0564
13528,1.2499
13529,0.6118
13530,0.4149
13531,1.6545
13532,0.3157
13533,2.1694
13534,2.6681
13535,0.3756
13536,0.1428
13537,0.2975
13538,0.426
13539,2.6614
13540,1.8283
13541,0.1777
13542,1.6598
13543,0.3003
13544,1.1969
13545,0.846
13546,0.4112
13547,1.2812
13548,0.7565
13549,0.3005
13550,1.1964
13551,0.3712
13552,1.2096
13553,1.408
13554,1.6367
13555,0.7635
13556,1.2343
13557,2.3267
13558,1.8521
13559,1.2797
13560,0.6993
13561,0.3876
13562,0.2391
13563,0.1647
13564,1.1326
13565,0.4048
13566,1.2473
13567,0.2871
13568,0.6904
13569,1.365
13570,0.99
13571,0.2122
13572,0.2635
13573,1.3018
13574,0.5916
13575,0.5043
13576,0.5162
13577,0.6269
13578,0.6663
13579,1.0878
13580,1.1184
13581,1.682
13582,0.5025
13583,0.2692
13584,0.3216
13585,1.6808
13586,0.3674
13587,1.6703
13588,0.5179
13589,0.8958
13590,0.4267
13591,0.408
13592,0.3839
13593,0.5519
13594,0.2641
13595,0.3267
13596,0.2772
13597,0.4424
13598,1.7111
13599,0.3446
13600,1.6277
13601,0.8531
13602,1.3723
13603,1.1404
13604,0.4071
13605,0.9922
13606,1.5214
13607,0.3998
13608,0.9327
13609,1.109
13610,0.9329
13611,0.3238
13612,1.2833
13613,1.1819
13614,1.5149
13615,0.6895
13616,0.7584
13617,1.1364
13618,0.5718
13619,0.8075
13620,0.8545
13621,1.6192
13622,1.0426
13623,0.3603
13624,0.7103
13625,0.3705
13626,1.2486
13627,0.4642
13628,1.21
13629,0.4666
13630,0.7417
13631,0.4679
13632,0.9859
13633,0.7185
13634,0.8966
13635,0.4175
13636,0.5186
13637,0.6319
13638,0.816
13639,0.5674
13640,0.5881
13641,0.6053
13642,0.8138
13643,0.9208
13644,0.4086
13645,0.564
13646,0.2025
13647,0.6595
13648,0.8396
13649,0.5359
13650,0.6512
13651,0.8393
13652,0.2692
13653,1.0504
13654,0.3241
13655,1.2772
13656,0.6008
13657,0.4696
13658,1.2527
13659,1.4411
13660,1.6849
13661,0.8127
13662,1.5928
13663,0.6205
13664,1.9745
13665,0.4036
13666,1.5217
13667,0.3705
13668,1.883
13669,0.5136
13670,0.5678
13671,0.7218
13672,1.7036
13673,0.4287
13674,0.1901
13675,1.5593
13676,0.4739
13677,0.6139
13678,0.2464
13679,0.683
13680,0.1613
13681,0.4105
13682,0.4537
13683,0.5519
13684,0.4557
13685,1.4396
13686,0.3088
13687,0.2304
13688,0.2033
13689,2.3008
13690,1.0483
13691,1.526
13692,0.2665
13693,1.2265
13694,0.8804
13695,0.7738
13696,0.6947
13697,0.1989
13698,1.2262
13699,0.4719
13700,1.3266
13701,0.3121
13702,0.9555
13703,1.2574
13704,0.5038
13705,1.0409
13706,0.7233
13707,1.1328
13708,0.7169
13709,0.7668
13710,0.9416
13711,0.9017
13712,1.1449
13713,0.3482
13714,0.4105
13715,0.952
13716,0.8698
13717,1.3334
13718,1.2715
13719,1.4006
13720,0.7206
13721,0.4921
13722,0.6063
13723,0.648
13724,0.3374
13725,1.3888
13726,0.6072
13727,0.9982
13728,0.7431
13729,0.4257
13730,1.4053
13731,1.52
13732,1.0471
13733,1.7006
13734,0.8124
13735,0.9473
13736,1.2608
13737,1.0405
13738,0.7026
13739,0.4526
13740,1.1676
13741,1.0614
13742,0.9836
13743,0.657
13744,0.5062
13745,1.8943
13746,0.3944
13747,0.675
13748,0.4525
13749,0.6904
13750,1.149
13751,0.2567
13752,2.1639
13753,2.0689
13754,0.2862
13755,1.9749
13756,1.4757
13757,2.0686
13758,0.4127
13759,0.2564
13760,0.535
13761,0.4999
13762,0.5628
13763,0.4358
13764,0.4427
13765,0.3968
13766,1.56
13767,1.3066
13768,1.4917
13769,0.9777
13770,1.4817
13771,1.8904
13772,1.2576
13773,0.9937
13774,1.2114
13775,0.9425
13776,1.0549
13777,0.533
13778,1.2451
13779,0.9692
13780,1.4063
13781,1.121
13782,0.5356
13783,0.9693
13784,0.8845
13785,0.7267
13786,0.8763
13787,0.9281
13788,0.7389
13789,0.5386
13790,0.5058
13791,0.9716
13792,1.08
13793,2.4424
13794,0.128
13795,0.1662
13796,0.8699
13797,0.4425
13798,0.5362
13799,1.2014
13800,0.8152
13801,0.1734
13802,0.2689
13803,1.5129
13804,0.3573
13805,1.3235
13806,1.6729
13807,0.3223
13808,0.219
13809,2.2948
13810,2.3282
13811,0.6956
13812,0.6379
13813,0.4196
13814,0.3458
13815,0.2918
13816,1.7821
13817,0.1902
13818,2.7992
13819,0.1738
13820,0.471
13821,0.3394
13822,0.7522
13823,1.0074
13824,0.9729
13825,1.2796
13826,1.2032
13827,0.2453
13828,1.4567
13829,1.4017
13830,2.5183
13831,0.8797
13832,0.4392
13833,1.2753
13834,1.4172
13835,1.2163
13836,1.6937
13837,0.4225
13838,0.163
13839,1.113
13840,0.3637
13841,0.7604
13842,0.5882
13843,0.3047
13844,0.2122
13845,0.348
13846,0.4329
13847,2.8993
13848,0.2555
13849,0.3963
13850,0.6102
13851,2.3712
13852,0.7094
13853,0.4726
13854,0.2279
13855,0.9413
13856,0.649
13857,3.9893
13858,1.5151
13859,0.6411
13860,1.1315
13861,2.0484
13862,0.4572
13863,0.4789
13864,0.7125
13865,0.6432
13866,0.1851
13867,0.2635
13868,1.6619
13869,0.5754
13870,1.2001
13871,0.7655
13872,0.9382
13873,0.5662
13874,0.2787
13875,1.0319
13876,0.2744
13877,0.8195
13878,1.4432
13879,0.7209
13880,0.3508
13881,0.3649
13882,0.3518
13883,0.5511
13884,1.07
13885,0.437
13886,0.9917
13887,0.6573
13888,0.5262
13889,0.5846
13890,0.5247
13891,0.4863
13892,0.2597
13893,1.4724
13894,0.9486
13895,1.325
13896,1.2014
13897,1.1604
13898,0.5944
13899,1.1452
13900,0.8695
13901,1.0815
13902,0.3311
13903,0.5088
13904,0.4831
13905,0.6894
13906,1.7604
13907,1.2368
13908,0.6894
13909,0.8273
13910,1.2046
13911,0.7841
13912,0.6586
13913,1.5878
13914,0.6885
13915,1.3691
13916,0.553
13917,0.2112
13918,0.3652
13919,1.5035
13920,1.3198
13921,1.4451
13922,0.8645
13923,0.6051
13924,1.2027
13925,1.3934
13926,0.2355
13927,0.195
13928,1.3468
13929,0.6344
13930,0.7663
13931,1.5893
13932,1.798
13933,0.3634
13934,0.3073
13935,0.2928
13936,1.0325
13937,0.5846
13938,1.5306
13939,2.0121
13940,0.5866
13941,0.5238
13942,0.3935
13943,1.7597
13944,0.3306
13945,1.2197
13946,0.9167
13947,0.9869
13948,0.4017
13949,0.4736
13950,0.9773
13951,0.7699
13952,0.8678
13953,0.4149
13954,0.6247
13955,0.8879
13956,0.5542
13957,1.6354
13958,0.5536
13959,0.5721
13960,0.8789
13961,2.2172
13962,0.3961
13963,0.2924
13964,1.5231
13965,1.4816
13966,1.1031
13967,0.3384
13968,1.6123
13969,0.6222
13970,0.652
13971,0.8969
13972,0.7821
13973,0.9593
13974,0.8017
13975,1.3629
13976,1.3706
13977,0.3975
13978,1.2396
13979,0.9821
13980,0.7392
13981,0.7716
13982,0.8427
13983,1.3214
13984,0.5261
13985,0.4787
13986,0.9122
13987,0.168
13988,0.9624
13989,0.8169
13990,0.9118
13991,0.1871
13992,1.532
13993,0.3329
13994,0.4384
13995,0.5902
13996,0.8957
13997,3.615
13998,0.5936
13999,0.866
14000,0.7314
14001,0.2963
14002,0.833
14003,1.0967
14004,0.5836
14005,0.3829
14006,0.3732
14007,1.7765
14008,1.0267
14009,1.494
14010,1.1448
14011,0.5748
14012,0.939
14013,3.5289
14014,0.4013
14015,1.2921
14016,2.73
14017,0.3227
14018,2.4045
14019,0.85
14020,0.8858
14021,1.3219
14022,0.4364
14023,1.5347
14024,1.6071
14025,0.3275
14026,0.4031
14027,1.7118
14028,1.7612
14029,0.6295
14030,0.3165
14031,0.2333
14032,1.5263
14033,0.461
14034,1.6069
14035,0.5041
14036,0.6282
14037,1.053
14038,0.2832
14039,0.9086
14040,0.5762
14041,1.2862
14042,0.6931
14043,0.5177
14044,0.7081
14045,0.6345
14046,0.6976
14047,1.267
14048,1.1255
14049,0.9944
14050,3.6438
14051,0.616
14052,0.579
14053,0.4415
14054,0.3868
14055,1.2758
14056,0.3923
14057,0.98
14058,0.4944
14059,0.1508
14060,0.1792
14061,1.1457
14062,0.2962
14063,1.7105
14064,1.9306
14065,0.3895
14066,0.1679
14067,0.419
14068,0.2349
14069,2.1066
14070,0.9424
14071,1.7917
14072,0.3952
14073,0.3777
14074,1.8938
14075,1.5364
14076,1.9124
14077,1.8265
14078,2.0365
14079,0.2096
14080,0.6008
14081,0.3645
14082,0.678
14083,0.1581
14084,1.6209
14085,0.5386
14086,1.1772
14087,0.7342
14088,1.3189
14089,1.5372
14090,0.4678
14091,0.4873
14092,0.2229
14093,0.3513
14094,0.1856
14095,0.212
14096,0.2458
14097,0.1536
14098,0.2186
14099,0.4636
14100,2.2037
14101,0.1721
14102,0.5106
14103,0.3322
14104,0.2583
14105,1.8258
14106,0.7276
14107,1.4856
14108,0.2803
14109,0.8288
14110,0.4394
14111,1.1637
14112,0.9517
14113,1.3662
14114,0.2368
14115,0.5698
14116,0.8011
14117,0.609
14118,1.0108
14119,1.0498
14120,1.2888
14121,1.1316
14122,0.587
14123,0.9336
14124,0.7876
14125,0.8297
14126,1.1473
14127,0.9408
14128,0.4446
14129,1.2189
14130,0.9025
14131,1.024
14132,1.7368
14133,1.9434
14134,1.167
14135,0.5028
14136,0.649
14137,0.3116
14138,0.7044
14139,1.2314
14140,1.6408
14141,0.5445
14142,0.3088
14143,0.5238
14144,0.6845
14145,0.5987
14146,0.9731
14147,0.3372
14148,1.0371
14149,1.3278
14150,0.3875
14151,0.9965
14152,0.4987
14153,0.8473
14154,1.1851
14155,0.51
14156,0.5311
14157,0.3353
14158,0.7894
14159,0.8726
14160,1.744
14161,0.5303
14162,1.1942
14163,1.958
14164,1.0966
14165,0.749
14166,0.7645
14167,1.3188
14168,0.3493
14169,0.859
14170,0.6184
14171,1.7287
14172,0.2671
14173,1.6862
14174,1.377
14175,1.2546
14176,0.9664
14177,0.5967
14178,0.7628
14179,0.8656
14180,0.9101
14181,1.1207
14182,0.6019
14183,1.1224
14184,0.4306
14185,1.3654
14186,1.4427
14187,0.4097
14188,0.3866
14189,0.8583
14190,1.2588
14191,0.4159
14192,1.0135
14193,1.9342
14194,0.9289
14195,1.044
14196,0.9603
14197,1.0327
14198,0.179
14199,1.1834
14200,0.2241
14201,1.3535
14202,0.7949
14203,0.7407
14204,0.4885
14205,1.2967
14206,0.9449
14207,0.3362
14208,0.892
14209,0.2382
14210,1.7187
14211,1.1025
14212,1.2914
14213,0.5578
14214,0.9578
14215,1.7145
14216,0.5861
14217,0.3043
14218,1.3962
14219,0.5963
14220,1.7077
14221,0.728
14222,0.3063
14223,0.5029
14224,1.4403
14225,0.4056
14226,1.4689
14227,0.4967
14228,0.9154
14229,1.1602
14230,0.4417
14231,0.3472
14232,0.9683
14233,0.7845
14234,0.9926
14235,1.0379
14236,1.0414
14237,1.2474
14238,1.4123
14239,0.7731
14240,1.0967
14241,0.7192
14242,1.1523
14243,1.353
14244,0.5165
14245,0.8185
14246,1.3369
14247,1.3278
14248,1.6709
14249,1.1031
14250,0.8787
14251,0.9701
14252,0.652
14253,1.1764
14254,1.0424
14255,2.6269
14256,0.3087
14257,1.4462
14258,0.1492
14259,0.4233
14260,1.5003
14261,0.8236
14262,1.4742
14263,0.8711
14264,1.4829
14265,0.4648
14266,0.4286
14267,1.3994
14268,1.5527
14269,0.3286
14270,1.2113
14271,1.4849
14272,1.6928
14273,0.4899
14274,0.8605
14275,1.2501
14276,1.8193
14277,0.4392
14278,1.1346
14279,0.6581
14280,0.3086
14281,1.0948
14282,0.8276
14283,0.6762
14284,0.8873
14285,1.4075
14286,1.5811
14287,1.4912
14288,0.3868
14289,1.7574
14290,1.3099
14291,0.384
14292,0.5485
14293,1.1435
14294,1.3708
14295,0.4089
14296,0.2362
14297,1.3249
14298,1.4906
14299,0.518
14300,0.4396
14301,0.2316
14302,0.3011
14303,0.7336
14304,0.1869
14305,2.2181
14306,3.2469
14307,0.5931
14308,0.6715
14309,0.4234
14310,0.1575
14311,1.4365
14312,1.78
14313,1.1454
14314,1.0436
14315,0.9853
14316,1.2429
14317,0.5709
14318,0.2748
14319,0.6605
14320,1.4102
14321,0.7855
14322,0.3193
14323,0.6231
14324,0.7573
14325,1.5363
14326,0.7198
14327,1.5571
14328,0.4124
14329,0.3515
14330,1.153
14331,0.4752
14332,0.4376
14333,0.7994
14334,0.7436
14335,0.3625
14336,1.4672
14337,1.0561
14338,0.6898
14339,0.4867
14340,0.3861
14341,0.8226
14342,1.8181
14343,0.9962
14344,0.7634
14345,0.447
14346,1.4862
14347,0.319
14348,0.4416
14349,0.2672
14350,0.9789
14351,1.5243
14352,0.3779
14353,0.618
14354,0.4976
14355,1.3138
14356,0.3503
14357,1.6099
14358,0.4775
14359,2.4624
14360,0.9934
14361,0.9243
14362,0.7718
14363,1.5727
14364,0.5224
14365,0.1827
14366,0.2472
14367,1.5996
14368,0.4129
14369,0.9001
14370,0.3088
14371,0.174
14372,1.1526
14373,0.7452
14374,1.0242
14375,0.4499
14376,0.6929
14377,0.4467
14378,0.9341
14379,0.644
14380,0.5133
14381,0.8353
14382,0.2707
14383,1.1769
14384,1.1202
14385,0.367
14386,0.8541
14387,1.0142
14388,3.1238
14389,0.9632
14390,0.7772
14391,0.4217
14392,0.4511
14393,0.247
14394,2.9437
14395,0.2289
14396,1.4748
14397,1.7193
14398,0.8025
14399,0.2287
14400,0.3278
14401,0.8909
14402,1.8512
14403,1.9294
14404,1.3883
14405,2.2563
14406,0.3873
14407,0.5152
14408,0.7327
14409,0.5688
14410,0.8321
14411,0.9889
14412,0.6923
14413,1.9731
14414,1.3178
14415,0.4371
14416,0.6878
14417,1.1155
14418,0.9777
14419,0.44
14420,0.2769
14421,0.3138
14422,0.2751
14423,2.1798
14424,0.2774
14425,0.3759
14426,0.784
14427,0.2476
14428,1.4477
14429,0.902
14430,0.3604
14431,0.279
14432,1.2918
14433,0.6551
14434,0.6683
14435,0.2131
14436,0.8814
14437,1.4216
14438,1.6022
14439,1.6741
14440,1.8126
14441,0.4069
14442,1.2306
14443,0.6878
14444,0.1311
14445,0.4684
14446,0.3111
14447,1.9893
14448,1.0246
14449,0.6647
14450,0.6163
14451,0.2998
14452,1.2639
14453,0.8828
14454,0.6105
14455,0.7146
14456,0.6893
14457,0.3555
14458,0.673
14459,0.3045
14460,0.7282
14461,0.9766
14462,0.2333
14463,0.2261
14464,1.0052
14465,0.4877
14466,0.8499
14467,0.7442
14468,1.8181
14469,0.602
14470,1.0963
14471,1.6494
14472,0.4283
14473,1.2315
14474,1.8921
14475,2.0187
14476,0.4147
14477,1.0654
14478,0.3156
14479,0.2675
14480,0.9039
14481,1.8893
14482,0.4657
14483,1.5147
14484,1.9297
14485,2.6116
14486,0.228
14487,0.3408
14488,1.5724
14489,0.2477
14490,2.004
14491,1.6424
14492,0.9939
14493,0.4915
14494,0.9191
14495,0.7023
14496,0.8596
14497,0.2331
14498,1.2786
14499,1.3399
14500,0.7833
14501,0.498
14502,0.6341
14503,0.5777
14504,0.9152
14505,0.3341
14506,0.1764
14507,0.1856
14508,2.5666
14509,1.4289
14510,0.9162
14511,0.6411
14512,0.5497
14513,0.5082
14514,1.1243
14515,0.5354
14516,1.0053
14517,1.1459
14518,0.7631
14519,0.804
14520,1.3181
14521,0.3906
14522,1.3568
14523,0.1454
14524,0.2623
14525,0.8791
14526,0.2899
14527,0.3152
14528,0.3146
14529,1.6085
14530,2.1084
14531,0.4399
14532,0.5599
14533,0.6306
14534,0.5937
14535,1.6659
14536,0.6047
14537,1.0021
14538,1.3815
14539,1.0803
14540,1.0819
14541,0.472
14542,0.3543
14543,0.6829
14544,1.6209
14545,0.2944
14546,2.7472
14547,1.757
14548,0.558
14549,0.3678
14550,2.3114
14551,0.3025
14552,2.208
14553,0.1967
14554,2.1006
14555,0.4177
14556,0.4986
14557,1.3923
14558,0.1616
14559,1.7022
14560,0.7025
14561,0.7387
14562,0.9438
14563,0.9713
14564,1.052
14565,1.3621
14566,0.8276
14567,1.3418
14568,1.0679
14569,1.3211
14570,1.8938
14571,0.3487
14572,1.7435
14573,1.8182
14574,1.462
14575,0.311
14576,0.7548
14577,0.8921
14578,0.4617
14579,0.8831
14580,0.7593
14581,0.7698
14582,0.6094
14583,0.5535
14584,0.5307
14585,0.6955
14586,0.888
14587,0.6282
14588,0.5944
14589,1.4796
14590,1.5454
14591,0.4353
14592,0.7024
14593,1.7236
14594,0.3414
14595,0.2944
14596,0.2994
14597,0.2199
14598,0.1451
14599,2.3314
14600,2.1149
14601,1.0556
14602,0.7545
14603,0.8815
14604,1.5588
14605,0.1878
14606,1.0838
14607,1.0836
14608,0.3507
14609,0.2785
14610,1.167
14611,1.2741
14612,1.1775
14613,0.5916
14614,1.1114
14615,1.5483
14616,1.4604
14617,0.4102
14618,1.0614
14619,1.1305
14620,0.5188
14621,1.4855
14622,0.844
14623,0.7987
14624,1.1973
14625,1.0475
14626,0.5468
14627,0.6021
14628,1.008
14629,1.4803
14630,0.5619
14631,1.9941
14632,0.3192
14633,0.4046
14634,0.609
14635,0.4439
14636,1.0889
14637,1.9764
14638,0.4474
14639,1.184
14640,1.1134
14641,1.3446
14642,0.715
14643,1.36
14644,1.5692
14645,0.1351
14646,4.9396
14647,1.9053
14648,1.5022
14649,0.6215
14650,0.421
14651,1.2428
14652,0.4575
14653,1.0071
14654,0.1467
14655,0.6637
14656,1.4117
14657,1.4138
14658,0.2791
14659,1.3822
14660,1.1565
14661,1.603
14662,0.4491
14663,0.761
14664,0.3725
14665,0.305
14666,0.724
14667,1.1546
14668,1.2584
14669,0.575
14670,1.0903
14671,0.4851
14672,0.7213
14673,0.7831
14674,0.3796
14675,0.4279
14676,1.6991
14677,1.4243
14678,0.6872
14679,0.2791
14680,1.888
14681,0.2907
14682,1.7073
14683,0.3172
14684,0.1335
14685,1.918
14686,1.2727
14687,1.2304
14688,0.9994
14689,0.349
14690,0.8836
14691,0.3025
14692,1.1172
14693,1.1517
14694,1.9218
14695,0.2924
14696,1.7515
14697,2.0449
14698,2.8283
14699,0.1658
14700,0.4467
14701,1.6199
14702,1.5832
14703,0.2221
14704,0.2023
14705,1.5104
14706,0.2577
14707,0.2075
14708,1.944
14709,1.1673
14710,0.7566
14711,0.7172
14712,0.2784
14713,0.3376
14714,0.3307
14715,0.2197
14716,1.5096
14717,1.3354
14718,0.4228
14719,0.7338
14720,0.6323
14721,1.2681
14722,1.0233
14723,0.4708
14724,0.4278
14725,0.5307
14726,0.3785
14727,0.8247
14728,1.0413
14729,0.4851
14730,0.8817
14731,1.5776
14732,0.7534
14733,0.2429
14734,0.1606
14735,1.0357
14736,1.4217
14737,1.5128
14738,0.4766
14739,0.6724
14740,0.4002
14741,1.401
14742,0.5499
14743,0.1389
14744,0.3337
14745,0.455
14746,1.2227
14747,0.9494
14748,0.2875
14749,0.5309
14750,0.4904
14751,0.6773
14752,0.4622
14753,0.5981
14754,0.5962
14755,0.4232
14756,1.0551
14757,0.8479
14758,0.3763
14759,0.4743
14760,1.4105
14761,0.2081
14762,1.3069
14763,0.2895
14764,1.5311
14765,0.9187
14766,0.942
14767,0.9938
14768,0.7753
14769,1.2055
14770,1.327
14771,1.9024
14772,1.4179
14773,0.4328
14774,1.0389
14775,1.2148
14776,1.7996
14777,0.6684
14778,0.4286
14779,1.2966
14780,0.6203
14781,1.4661
14782,0.8333
14783,2.603
14784,1.1585
14785,0.6527
14786,2.9619
14787,0.8576
14788,1.2608
14789,0.4768
14790,1.0152
14791,0.8604
14792,1.4153
14793,0.5719
14794,1.2071
14795,0.7362
14796,0.4053
14797,0.8381
14798,1.2088
14799,1.8781
14800,0.2006
14801,0.1722
14802,0.5501
14803,1.5557
14804,0.5138
14805,0.4757
14806,0.1688
14807,1.6432
14808,0.3643
14809,1.206
14810,0.6683
14811,1.4581
14812,0.2706
14813,2.6462
14814,0.7098
14815,1.896
14816,1.3705
14817,0.9679
14818,0.2595
14819,0.3541
14820,1.2138
14821,0.4629
14822,1.3849
14823,0.2965
14824,0.1401
14825,0.3613
14826,3.4551
14827,0.2251
14828,2.1092
14829,0.8323
14830,0.1967
14831,0.9089
14832,1.5411
14833,1.6735
14834,0.3842
14835,0.3358
14836,0.2324
14837,0.2363
14838,0.2278
14839,0.5043
14840,1.7215
14841,1.7108
14842,0.6899
14843,1.7141
14844,0.2944
14845,0.1999
14846,2.4496
14847,0.8297
14848,0.2099
14849,0.481
14850,0.3119
14851,0.6142
14852,1.3408
14853,1.368
14854,1.7319
14855,0.5444
14856,1.4157
14857,0.596
14858,1.8877
14859,1.6489
14860,1.3114
14861,0.6636
14862,1.4345
14863,1.2935
14864,0.4578
14865,0.4614
14866,1.3873
14867,0.548
14868,1.4046
14869,1.6405
14870,0.6221
14871,0.2897
14872,0.1185
14873,2.1992
14874,0.5328
14875,0.5595
14876,1.0846
14877,0.7614
14878,0.7903
14879,0.8837
14880,0.4118
14881,0.9711
14882,0.5988
14883,0.8909
14884,0.2243
14885,0.2991
14886,0.4727
14887,1.5012
14888,0.7337
14889,0.9385
14890,1.2345
14891,1.8384
14892,1.3072
14893,0.6042
14894,1.5288
14895,1.2389
14896,0.8056
14897,0.439
14898,0.7244
14899,0.8416
14900,1.463
14901,2.4241
14902,0.4004
14903,1.599
14904,0.3532
14905,1.2758
14906,1.8081
14907,0.2227
14908,0.4549
14909,1.8653
14910,0.9076
14911,0.8825
14912,2.0305
14913,1.3929
14914,1.4811
14915,0.4902
14916,0.4644
14917,0.2775
14918,1.8127
14919,0.3836
14920,32.2485
14921,0.1349
14922,1.5479
14923,0.4335
14924,1.0478
14925,2.0397
14926,0.752
14927,0.3491
14928,1.0867
14929,0.1263
14930,0.1859
14931,0.7339
14932,0.3139
14933,0.1591
14934,1.079
14935,0.4998
14936,8.4929
14937,0.9108
14938,1.3785
14939,0.4829
14940,1.2908
14941,1.1677
14942,0.1952
14943,0.5256
14944,0.3736
14945,0.5229
14946,4.01
14947,0.6861
14948,0.2394
14949,0.9772
14950,1.4827
14951,1.5279
14952,1.5338
14953,1.3159
14954,1.7227
14955,0.3553
14956,1.8502
14957,0.8083
14958,0.7182
14959,1.362
14960,1.0183
14961,0.8132
14962,0.5912
14963,1.0765
14964,0.1745
14965,0.5572
14966,2.7544
14967,0.1377
14968,1.798
14969,0.7045
14970,0.3362
14971,0.2912
14972,0.2561
14973,0.5333
14974,0.1777
14975,1.0511
14976,0.9707
14977,0.6183
14978,0.9799
14979,0.5138
14980,1.2478
14981,1.3439
14982,0.3047
14983,0.3732
14984,0.4444
14985,1.4822
14986,0.3478
14987,0.3451
14988,1.5024
14989,0.4752
14990,0.5422
14991,1.4282
14992,1.0401
14993,1.0816
14994,0.5963
14995,1.8376
14996,0.6621
14997,0.3865
14998,4.4472
14999,0.5192
15000,0.331
15001,0.5621
15002,1.3279
15003,0.7256
15004,1.5988
15005,1.4991
15006,0.5181
15007,1.8931
15008,1.7467
15009,0.3514
15010,0.1613
15011,0.1549
15012,1.6715
15013,1.8443
15014,2.3824
15015,0.271
15016,0.4919
15017,1.7671
15018,0.8772
15019,1.3409
15020,1.0532
15021,1.5676
15022,0.4576
15023,0.9151
15024,0.7199
15025,1.1559
15026,1.3383
15027,0.567
15028,0.7103
15029,1.0568
15030,1.148
15031,0.2548
15032,0.7556
15033,0.7511
15034,0.7635
15035,1.3139
15036,0.939
15037,0.7141
15038,1.1991
15039,0.3839
15040,0.229
15041,2.1157
15042,1.7479
15043,0.1401
15044,1.1641
15045,0.2759
15046,0.2184
15047,1.6969
15048,0.1613
15049,0.966
15050,0.9625
15051,0.9339
15052,1.1933
15053,0.6512
15054,1.7923
15055,0.2359
15056,0.1988
15057,0.5493
15058,0.2369
15059,0.2415
15060,1.5753
15061,0.6643
15062,1.7455
15063,0.4961
15064,2.1593
15065,0.3323
15066,0.399
15067,0.2371
15068,0.835
15069,2.2063
15070,1.8013
15071,0.3363
15072,0.3081
15073,0.2322
15074,2.0155
15075,0.1973
15076,0.4069
15077,0.2291
15078,0.5818
15079,1.9831
15080,2.0894
15081,0.4701
15082,1.8964
15083,2.3224
15084,0.4079
15085,1.5963
15086,2.17
15087,0.4554
15088,0.479
15089,0.9547
15090,0.5253
15091,1.165
15092,0.6465
15093,0.7833
15094,0.8025
15095,0.6228
15096,1.9766
15097,0.4847
15098,1.7405
15099,1.404
15100,1.6501
15101,0.5096
15102,0.4583
15103,1.4968
15104,0.2998
15105,1.8225
15106,0.356
15107,1.6197
15108,2.3646
15109,0.2559
15110,2.0893
15111,0.2132
15112,0.6534
15113,0.1444
15114,0.3398
15115,0.3416
15116,2.1757
15117,1.5003
15118,0.3012
15119,0.2704
15120,0.4324
15121,0.443
15122,0.5492
15123,0.379
15124,1.4331
15125,0.8238
15126,0.5077
15127,0.534
15128,0.9879
15129,0.6848
15130,0.4498
15131,0.6887
15132,0.9363
15133,1.0439
15134,1.3973
15135,1.2857
15136,0.1639
15137,0.1219
15138,1.5815
15139,4.2493
15140,0.6575
15141,0.8679
15142,1.9863
15143,0.526
15144,1.2168
15145,0.8429
15146,0.4236
15147,1.5913
15148,1.2225
15149,0.4145
15150,1.3468
15151,0.5415
15152,0.3761
15153,1.3711
15154,1.8333
15155,0.1875
15156,1.2685
15157,2.3734
15158,0.6232
15159,2.7678
15160,0.2284
15161,0.6015
15162,1.519
15163,0.4984
15164,0.5209
15165,1.4953
15166,0.3968
15167,0.6699
15168,0.4014
15169,0.2698
15170,0.4786
15171,0.6853
15172,0.7108
15173,0.4534
15174,2.7379
15175,1.0961
15176,0.5624
15177,0.4615
15178,0.3776
15179,0.3381
15180,0.4964
15181,2.5972
15182,1.928
15183,1.6832
15184,0.384
15185,0.3546
15186,1.7271
15187,0.253
15188,1.9471
15189,1.2929
15190,1.545
15191,0.6589
15192,1.8671
15193,0.84
15194,1.3822
15195,0.4883
15196,0.4438
15197,0.6624
15198,0.6447
15199,0.7933
15200,0.48
15201,0.6145
15202,0.5237
15203,0.3431
15204,0.5144
15205,0.358
15206,0.4307
15207,0.6637
15208,0.6911
15209,0.4937
15210,0.4104
15211,0.4128
15212,0.4751
15213,0.5529
15214,0.4424
15215,0.3576
15216,1.6718
15217,2.6571
15218,0.2392
15219,1.9431
15220,1.1802
15221,1.3961
15222,0.4094
15223,2.0194
15224,1.6569
15225,0.6366
15226,0.3495
15227,0.6927
15228,1.5369
15229,0.3555
15230,0.3605
15231,0.3518
15232,0.7323
15233,0.4514
15234,0.3996
15235,0.7924
15236,0.2223
15237,1.8549
15238,0.3619
15239,0.3101
15240,0.4768
15241,0.3645
15242,1.7687
15243,1.7417
15244,0.6363
15245,0.4955
15246,0.3235
15247,0.807
15248,0.9868
15249,0.8754
15250,0.5401
15251,0.7141
15252,0.6673
15253,0.7174
15254,0.583
15255,0.1582
15256,0.4254
15257,0.8853
15258,0.7067
15259,1.0594
15260,0.4033
15261,0.3777
15262,0.6738
15263,1.1513
15264,0.3073
15265,1.5379
15266,1.5184
15267,0.6542
15268,1.1212
15269,0.7749
15270,2.2527
15271,2.3108
15272,1.7897
15273,1.8484
15274,0.2033
15275,1.1704
15276,0.4099
15277,1.5647
15278,0.3499
15279,1.0596
15280,0.8961
15281,0.999
15282,0.8552
15283,1.2031
15284,0.676
15285,0.7002
15286,0.5115
15287,0.383
15288,0.986
15289,1.0397
15290,1.1803
15291,1.0452
15292,1.5522
15293,1.6158
15294,0.7318
15295,0.6284
15296,1.2725
15297,1.4175
15298,0.9242
15299,1.3652
15300,0.4714
15301,1.5324
15302,0.8796
15303,0.6802
15304,0.5598
15305,1.1807
15306,0.4265
15307,1.5528
15308,0.2623
15309,1.2524
15310,0.304
15311,1.5097
15312,1.1222
15313,0.925
15314,0.5147
15315,0.9616
15316,0.7404
15317,0.7714
15318,1.9426
15319,0.561
15320,0.9006
15321,0.7503
15322,0.4676
15323,0.7228
15324,0.9805
15325,1.5154
15326,0.2532
15327,0.3527
15328,0.9341
15329,1.5105
15330,0.6365
15331,0.9754
15332,1.1088
15333,0.7022
15334,1.2906
15335,0.4147
15336,0.5852
15337,0.1849
15338,0.4768
15339,0.7414
15340,1.5249
15341,1.5143
15342,0.6066
15343,0.5856
15344,2.8931
15345,0.3066
15346,0.311
15347,3.1056
15348,0.2947
15349,2.0622
15350,1.3013
15351,0.5766
15352,0.7666
15353,0.826
15354,1.8532
15355,0.2072
15356,0.2421
15357,0.1651
15358,1.6864
15359,0.2302
15360,0.4509
15361,1.3276
15362,0.9611
15363,0.2583
15364,0.2321
15365,0.212
15366,0.4032
15367,1.6443
15368,1.5211
15369,1.6616
15370,1.2715
15371,0.4378
15372,0.9528
15373,0.6706
15374,0.3173
15375,0.4214
15376,0.4409
15377,1.2502
15378,0.5169
15379,1.1732
15380,0.1872
15381,0.4077
15382,0.4424
15383,0.5903
15384,0.2302
15385,0.6749
15386,0.5702
15387,0.7764
15388,0.7307
15389,8.1137
15390,3.8648
15391,0.2848
15392,0.2187
15393,1.3079
15394,0.3547
15395,0.7376
15396,0.6294
15397,1.1283
15398,0.6
15399,2.3934
15400,1.6593
15401,0.8126
15402,1.5045
15403,0.5033
15404,0.4774
15405,0.4795
15406,2.304
15407,0.3721
15408,0.2225
15409,0.9128
15410,0.563
15411,1.238
15412,1.5252
15413,2.1673
15414,0.2291
15415,0.3175
15416,1.1035
15417,1.4117
15418,0.4162
15419,2.1521
15420,0.6754
15421,0.5319
15422,1.0057
15423,0.7058
15424,0.3317
15425,1.0866
15426,0.3147
15427,1.2584
15428,0.3288
15429,0.2711
15430,1.2785
15431,0.3424
15432,1.6321
15433,0.6456
15434,0.4636
15435,1.7049
15436,1.916
15437,2.3322
15438,1.7941
15439,0.7205
15440,1.2448
15441,1.3525
15442,2.007
15443,0.3769
15444,2.2979
15445,0.8678
15446,0.9275
15447,0.6423
15448,0.473
15449,0.6113
15450,0.33
15451,0.6028
15452,1.6378
15453,0.5871
15454,0.4746
15455,0.6903
15456,0.2552
15457,2.9277
15458,2.4504
15459,0.2168
15460,1.9818
15461,0.6443
15462,1.5362
15463,0.1819
15464,0.11
15465,1.2269
15466,0.7763
15467,0.3707
15468,1.3101
15469,0.2735
15470,0.3726
15471,2.859
15472,0.4271
15473,1.797
15474,0.254
15475,0.4731
15476,1.0351
15477,0.2681
15478,0.269
15479,0.4328
15480,0.8247
15481,0.577
15482,0.8338
15483,3.6502
15484,1.6139
15485,0.9995
15486,0.2212
15487,0.9651
15488,1.1424
15489,0.8172
15490,0.3695
15491,1.6855
15492,0.7799
15493,0.9079
15494,1.0044
15495,1.1122
15496,0.9781
15497,0.4565
15498,0.4458
15499,0.7337
15500,0.2462
15501,1.2979
15502,0.6502
15503,0.7598
15504,2.6172
15505,1.787
15506,1.0115
15507,0.2517
15508,0.2508
15509,1.1378
15510,1.0714
15511,0.3079
15512,0.7177
15513,1.8426
15514,0.6994
15515,1.3035
15516,0.7745
15517,1.2399
15518,1.145
15519,1.5084
15520,0.2208
15521,1.2671
15522,0.7121
15523,1.1974
15524,1.5965
15525,1.9755
15526,1.1048
15527,2.0625
15528,0.3785
15529,0.173
15530,0.2291
15531,0.5345
15532,2.2078
15533,2.2045
15534,0.3756
15535,0.3301
15536,0.4077
15537,1.259
15538,2.0508
15539,0.3868
15540,0.4667
15541,0.5139
15542,0.5408
15543,0.5081
15544,0.3563
15545,0.9534
15546,1.5178
15547,0.7589
15548,2.0802
15549,0.7261
15550,1.027
15551,0.9892
15552,1.1342
15553,0.8815
15554,2.0145
15555,0.7074
15556,1.1832
15557,0.3262
15558,1.0575
15559,1.4888
15560,1.3163
15561,0.5256
15562,2.0392
15563,0.8867
15564,2.0908
15565,1.1285
15566,1.5403
15567,0.263
15568,0.6832
15569,0.9735
15570,1.8159
15571,1.0709
15572,1.7403
15573,0.2466
15574,1.3753
15575,0.2789
15576,0.619
15577,0.669
15578,1.5217
15579,0.1528
15580,1.8124
15581,1.6627
15582,0.6085
15583,0.9449
15584,1.7066
15585,1.5969
15586,1.6585
15587,0.6389
15588,0.4238
15589,1.4401
15590,1.4833
15591,1.0048
15592,0.2524
15593,0.1697
15594,0.8397
15595,0.2155
15596,0.235
15597,0.7163
15598,2.0334
15599,1.6595
15600,0.5892
15601,2.3856
15602,1.4077
15603,0.4124
15604,0.2133
15605,0.6742
15606,3.4814
15607,0.8633
15608,1.2344
15609,0.2393
15610,0.2292
15611,0.9196
15612,1.0897
15613,0.9254
15614,0.6883
15615,0.9551
15616,1.3285
15617,1.2748
15618,0.6855
15619,0.6722
15620,1.0091
15621,1.0238
15622,1.8299
15623,1.9525
15624,0.8776
15625,1.0642
15626,0.6117
15627,2.0239
15628,0.5619
15629,1.5681
15630,0.5
15631,1.3253
15632,1.77
15633,0.4878
15634,0.3497
15635,0.7001
15636,0.6743
15637,0.1215
15638,0.2973
15639,0.4877
15640,1.4378
15641,0.4502
15642,0.5179
15643,1.796
15644,0.2009
15645,0.3769
15646,1.8808
15647,0.467
15648,0.309
15649,1.9736
15650,0.4261
15651,1.7319
15652,0.6731
15653,0.2775
15654,0.1547
15655,0.2282
15656,0.2465
15657,1.5686
15658,0.3736
15659,1.4486
15660,1.3333
15661,1.347
15662,0.573
15663,0.5767
15664,0.3496
15665,2.3182
15666,3.905
15667,1.0129
15668,0.6361
15669,0.7868
15670,0.8364
15671,0.9167
15672,0.8204
15673,0.6933
15674,3.2554
15675,0.128
15676,1.3459
15677,0.3233
15678,0.377
15679,0.4532
15680,0.3836
15681,0.3894
15682,0.2452
15683,0.3517
15684,0.5839
15685,0.401
15686,0.1868
15687,0.3799
15688,0.719
15689,0.4278
15690,0.4749
15691,0.6017
15692,0.5711
15693,0.618
15694,1.1624
15695,0.7047
15696,1.6293
15697,1.8396
15698,0.2687
15699,1.8499
15700,1.6424
15701,0.4499
15702,0.7788
15703,0.4058
15704,1.2901
15705,0.4515
15706,1.8807
15707,1.6056
15708,0.4534
15709,0.3558
15710,1.1867
15711,1.3289
15712,0.8166
15713,0.5239
15714,0.5035
15715,0.9973
15716,1.3328
15717,0.9177
15718,0.5501
15719,1.3188
15720,0.3833
15721,1.4977
15722,0.7722
15723,1.6184
15724,0.283
15725,0.4717
15726,2.5341
15727,0.709
15728,1.7467
15729,0.4476
15730,1.9536
15731,0.2689
15732,2.2613
15733,0.5362
15734,0.2611
15735,0.1906
15736,0.3899
15737,1.5781
15738,2.0329
15739,0.2282
15740,1.4682
15741,0.6114
15742,0.8099
15743,0.6569
15744,1.3764
15745,0.4865
15746,0.6339
15747,0.3712
15748,0.3279
15749,1.0285
15750,0.4727
15751,0.3774
15752,0.5164
15753,0.6947
15754,1.3674
15755,0.7919
15756,1.1893
15757,0.9867
15758,1.5566
15759,0.5198
15760,0.4409
15761,0.7577
15762,2.2736
15763,0.1849
15764,0.2096
15765,2.0506
15766,0.2642
15767,0.5444
15768,0.24
15769,0.4183
15770,0.8304
15771,0.9619
15772,2.0816
15773,0.3164
15774,0.2722
15775,0.463
15776,0.1667
15777,1.5142
15778,0.2708
15779,0.2327
15780,4.2188
15781,0.2321
15782,0.4137
15783,1.7769
15784,1.9032
15785,1.822
15786,0.4008
15787,0.8899
15788,1.4121
15789,0.6768
15790,1.6931
15791,0.3016
15792,2.2227
15793,0.3075
15794,0.8307
15795,0.4327
15796,0.4088
15797,1.879
15798,1.918
15799,0.3615
15800,0.2511
15801,0.5671
15802,0.4452
15803,9.4806
15804,0.5517
15805,0.8184
15806,0.6323
15807,0.2731
15808,0.8999
15809,1.2877
15810,1.141
15811,0.634
15812,0.9059
15813,0.7499
15814,0.6942
15815,1.1291
15816,1.4709
15817,0.7157
15818,0.6438
15819,0.6195
15820,0.7812
15821,0.7647
15822,0.544
15823,1.5243
15824,1.5547
15825,1.0075
15826,1.4829
15827,3.572
15828,0.3604
15829,0.791
15830,0.4481
15831,1.1538
15832,0.5559
15833,0.8122
15834,2.9417
15835,0.236
15836,0.5202
15837,0.9134
15838,0.5561
15839,2.6733
15840,0.5816
15841,0.2713
15842,0.1844
15843,0.5951
15844,1.5079
15845,0.5604
15846,1.4867
15847,0.3375
15848,0.4099
15849,0.5284
15850,0.6042
15851,1.5831
15852,1.7783
15853,0.377
15854,0.1815
15855,0.2761
15856,1.5386
15857,1.2161
15858,0.347
15859,0.361
15860,0.3807
15861,1.2022
15862,1.336
15863,0.1681
15864,0.9681
15865,0.2
15866,0.5196
15867,0.3196
15868,0.8407
15869,1.3961
15870,0.9479
15871,0.3672
15872,1.1887
15873,0.7324
15874,2.7065
15875,1.3161
15876,0.221
15877,1.6855
15878,0.7199
15879,1.4792
15880,0.3904
15881,0.4034
15882,2.4953
15883,0.7375
15884,0.8761
15885,0.6549
15886,3.3009
15887,0.1283
15888,0.2848
15889,1.1761
15890,0.34
15891,1.4574
15892,1.5505
15893,1.0161
15894,2.2762
15895,0.2861
15896,0.6084
15897,0.8207
15898,0.4945
15899,2.9268
15900,0.624
15901,0.7152
15902,0.9049
15903,0.8581
15904,0.4467
15905,0.735
15906,0.5555
15907,1.4405
15908,0.5375
15909,0.9228
15910,0.5051
15911,1.0172
15912,3.8374
15913,0.4597
15914,1.1516
15915,0.2832
15916,0.6484
15917,1.0172
15918,0.9263
15919,1.1114
15920,0.1773
15921,1.7308
15922,0.327
15923,1.4545
15924,0.8962
15925,0.6996
15926,0.1962
15927,0.6353
15928,1.3866
15929,0.4126
15930,0.2117
15931,0.7227
15932,1.4834
15933,0.6659
15934,1.7358
15935,1.7722
15936,1.5713
15937,1.8186
15938,0.3438
15939,1.2799
15940,2.3688
15941,0.6753
15942,0.3877
15943,0.5307
15944,0.634
15945,1.372
15946,8.3657
15947,0.4133
15948,2.3424
15949,1.4871
15950,0.341
15951,0.6355
15952,0.3233
15953,1.6766
15954,0.3493
15955,0.9062
15956,0.78
15957,0.6976
15958,3.4194
15959,0.8986
15960,0.3518
15961,0.518
15962,0.5098
15963,0.5711
15964,0.4354
15965,0.8205
15966,1.0164
15967,1.4236
15968,2.5488
15969,0.968
15970,0.6202
15971,1.3869
15972,0.6812
15973,0.6875
15974,0.4396
15975,0.1837
15976,0.8465
15977,0.7437
15978,0.4909
15979,0.6531
15980,0.4343
15981,0.564
15982,0.6665
15983,2.0764
15984,1.0637
15985,0.9774
15986,1.2296
15987,1.3031
15988,0.6723
15989,0.9746
15990,0.358
15991,0.2765
15992,0.2092
15993,1.6747
15994,1.927
15995,1.4454
15996,1.6796
15997,0.8367
15998,1.3268
15999,0.9446
16000,0.8849
16001,0.3156
16002,0.3326
16003,0.8513
16004,0.2843
16005,1.1763
16006,3.1458
16007,0.52
16008,2.6619
16009,0.567
16010,0.4498
16011,0.459
16012,0.6096
16013,0.879
16014,1.7378
16015,0.2796
16016,0.7008
16017,1.1139
16018,1.5564
16019,0.8721
16020,0.2842
16021,1.149
16022,1.1523
16023,0.2661
16024,0.8583
16025,0.2757
16026,1.3949
16027,0.5415
16028,0.4418
16029,0.238
16030,1.0553
16031,0.4563
16032,0.7556
16033,0.2262
16034,0.5398
16035,0.2353
16036,0.3973
16037,0.6192
16038,1.0664
16039,0.5789
16040,0.9081
16041,0.3324
16042,0.2477
16043,0.7408
16044,1.111
16045,0.211
16046,1.2458
16047,0.3269
16048,0.3876
16049,0.4537
16050,1.3432
16051,1.8329
16052,2.755
16053,0.95
16054,1.1429
16055,0.463
16056,3.0369
16057,0.2599
16058,1.6049
16059,0.216
16060,1.8118
16061,0.4006
16062,1.6236
16063,0.231
16064,0.2381
16065,0.3033
16066,1.6063
16067,3.9963
16068,1.0331
16069,0.2966
16070,0.4357
16071,0.5196
16072,1.1596
16073,1.0418
16074,1.7568
16075,0.4316
16076,0.652
16077,0.2864
16078,2.0014
16079,0.4611
16080,0.4674
16081,2.1515
16082,0.3497
16083,0.5289
16084,1.299
16085,0.2894
16086,0.6388
16087,0.6098
16088,0.9893
16089,1.8325
16090,0.7255
16091,1.317
16092,0.987
16093,1.6353
16094,0.4138
16095,1.1649
16096,0.7113
16097,0.9382
16098,2.2923
16099,1.2357
16100,0.553
16101,1.1217
16102,1.153
16103,0.566
16104,0.412
16105,0.97
16106,0.9554
16107,0.7712
16108,0.2507
16109,1.4792
16110,1.1414
16111,1.1703
16112,0.6575
16113,0.2658
16114,0.5388
16115,1.4772
16116,1.3348
16117,0.5462
16118,0.4014
16119,0.835
16120,0.4063
16121,0.4023
16122,1.713
16123,0.1633
16124,0.2519
16125,0.429
16126,0.1999
16127,0.4275
16128,0.2336
16129,1.9635
16130,0.2673
16131,0.5872
16132,1.679
16133,2.0937
16134,0.5222
16135,1.856
16136,0.2916
16137,0.4704
16138,0.5197
16139,0.4585
16140,1.5616
16141,0.6758
16142,0.6822
16143,0.4611
16144,0.3741
16145,0.2205
16146,0.1708
16147,0.3396
16148,0.1932
16149,0.2761
16150,2.3484
16151,2.0783
16152,2.5898
16153,2.7533
16154,0.3287
16155,0.4647
16156,0.3786
16157,0.3458
16158,2.0529
16159,0.4827
16160,0.45
16161,0.9286
16162,1.7086
16163,1.2561
16164,0.1398
16165,0.8658
16166,0.1583
16167,0.6236
16168,0.3291
16169,0.3918
16170,0.8111
16171,1.7625
16172,0.4276
16173,0.2844
16174,0.202
16175,1.4349
16176,1.412
16177,0.861
16178,0.6716
16179,0.2598
16180,0.9635
16181,1.0527
16182,0.9758
16183,0.594
16184,0.7617
16185,0.8994
16186,0.9616
16187,1.3182
16188,0.4434
16189,0.3828
16190,1.439
16191,1.5147
16192,0.4708
16193,0.8535
16194,0.2789
16195,1.3839
16196,1.0179
16197,1.6536
16198,0.197
16199,1.7016
16200,0.6264
16201,0.6859
16202,0.2786
16203,0.2049
16204,0.2496
16205,1.1072
16206,0.527
16207,0.4091
16208,0.6314
16209,1.5853
16210,1.7353
16211,1.6669
16212,2.1999
16213,0.2419
16214,2.3079
16215,0.5363
16216,0.6619
16217,0.5341
16218,0.6503
16219,0.5918
16220,1.4084
16221,0.1796
16222,0.226
16223,0.9181
16224,1.2985
16225,1.9882
16226,0.3661
16227,0.2206
16228,0.3861
16229,0.3794
16230,0.5549
16231,0.6575
16232,0.5587
16233,0.4475
16234,0.8897
16235,1.038
16236,0.2372
16237,1.3919
16238,0.3053
16239,2.4594
16240,0.3345
16241,0.9993
16242,1.7117
16243,0.318
16244,1.5144
16245,0.4326
16246,0.4659
16247,0.3286
16248,0.3061
16249,0.3493
16250,2.4918
16251,2.9283
16252,0.2391
16253,2.1043
16254,0.1126
16255,0.2456
16256,0.1927
16257,0.1522
16258,2.2824
16259,0.3573
16260,1.9214
16261,2.1608
16262,0.4648
16263,0.2412
16264,0.5029
16265,1.2451
16266,1.4264
16267,0.6942
16268,0.7606
16269,1.0622
16270,0.4518
16271,0.9398
16272,0.8441
16273,0.5574
16274,0.6187
16275,0.5443
16276,1.0141
16277,0.5077
16278,1.4263
16279,1.3212
16280,0.5791
16281,0.3588
16282,1.2992
16283,0.443
16284,1.4509
16285,0.159
16286,0.3988
16287,0.1628
16288,0.1339
16289,0.2618
16290,1.7196
16291,0.6716
16292,2.0521
16293,0.6722
16294,0.4451
16295,2.9431
16296,0.3657
16297,0.4306
16298,0.4717
16299,1.7599
16300,1.5611
16301,0.2411
16302,0.1292
16303,2.0386
16304,0.4389
16305,2.0091
16306,0.2713
16307,0.4776
16308,0.2079
16309,1.0264
16310,2.0817
16311,0.2408
16312,0.251
16313,1.6331
16314,1.8676
16315,1.1877
16316,1.3802
16317,1.4968
16318,0.4219
16319,0.3785
16320,1.307
16321,0.7723
16322,0.7712
16323,0.4682
16324,0.8848
16325,1.3203
16326,1.5004
16327,0.268
16328,1.2542
16329,0.6652
16330,0.5173
16331,0.6764
16332,1.3575
16333,1.9156
16334,0.2511
16335,0.2462
16336,1.6468
16337,0.3121
16338,0.4026
16339,0.4842
16340,0.5961
16341,2.1583
16342,0.7778
16343,0.3887
16344,1.1617
16345,1.0424
16346,0.9488
16347,0.2942
16348,1.5077
16349,0.9223
16350,0.5969
16351,1.4686
16352,1.413
16353,0.5438
16354,1.523
16355,3.2174
16356,1.7651
16357,0.3637
16358,1.4877
16359,0.935
16360,0.9428
16361,1.8739
16362,0.3816
16363,0.3261
16364,0.1884
16365,2.4226
16366,0.2135
16367,0.9787
16368,2.1042
16369,1.752
16370,0.197
16371,0.145
16372,2.3264
16373,2.1963
16374,0.5188
16375,0.1632
16376,1.9394
16377,0.1349
16378,0.189
16379,1.813
16380,1.361
16381,1.7247
16382,0.2511
16383,1.2774
16384,1.2964
16385,0.1564
16386,1.8754
16387,1.9392
16388,0.2189
16389,0.2867
16390,1.9451
16391,0.1957
16392,2.2223
16393,0.2639
16394,0.3256
16395,0.2586
16396,1.5763
16397,0.5553
16398,0.5255
16399,0.4846
16400,1.3804
16401,0.1839
16402,1.6495
16403,2.2174
16404,1.7758
16405,0.3486
16406,2.4865
16407,0.9057
16408,0.2333
16409,0.1914
16410,0.3684
16411,0.2302
16412,0.3064
16413,1.8962
16414,0.2155
16415,0.7167
16416,0.2969
16417,1.9928
16418,0.4347
16419,0.2993
16420,0.1267
16421,0.2425
16422,0.1401
16423,1.3854
16424,0.7454
16425,0.4988
16426,0.8307
16427,0.6255
16428,1.0331
16429,1.2905
16430,0.6038
16431,0.3432
16432,0.8212
16433,2.1851
16434,0.3904
16435,1.6639
16436,1.5826
16437,0.2579
16438,1.9235
16439,0.2038
16440,1.7769
16441,1.762
16442,1.3037
16443,1.4126
16444,1.8463
16445,0.2986
16446,0.3542
16447,1.4749
16448,0.472
16449,1.2337
16450,1.4106
16451,0.327
16452,1.2547
16453,1.2874
16454,1.075
16455,1.381
16456,0.7297
16457,1.4965
16458,0.7127
16459,0.3533
16460,0.5267
16461,0.5943
16462,0.2372
16463,0.3044
16464,1.4993
16465,0.7406
16466,0.1725
16467,0.9222
16468,0.8085
16469,0.3001
16470,1.0042
16471,0.3275
16472,1.0612
16473,1.08
16474,0.6471
16475,0.6118
16476,0.6687
16477,0.5912
16478,0.6788
16479,0.6106
16480,1.1184
16481,0.4792
16482,0.2593
16483,1.498
16484,1.5306
16485,1.3997
16486,1.3928
16487,0.3233
16488,0.2322
16489,1.3767
16490,0.7566
16491,1.3068
16492,0.3105
16493,1.1535
16494,1.1785
16495,0.9448
16496,1.2026
16497,0.928
16498,1.0208
16499,1.0407
16500,0.6453
16501,0.8669
16502,0.5637
16503,0.6237
16504,1.2837
16505,0.5353
16506,0.806
16507,2.007
16508,1.7442
16509,0.4621
16510,1.6396
16511,1.8298
16512,0.1873
16513,2.2501
16514,1.7376
16515,0.329
16516,1.5899
16517,0.499
16518,0.3573
16519,0.7074
16520,0.574
16521,1.3608
16522,0.6831
16523,1.0932
16524,0.6791
16525,0.7397
16526,0.6532
16527,0.3905
16528,1.0148
16529,0.4637
16530,1.4894
16531,0.6619
16532,0.3828
16533,0.8224
16534,0.3774
16535,0.4248
16536,0.5522
16537,0.8393
16538,0.246
16539,0.5076
16540,1.5872
16541,1.6391
16542,1.9453
16543,0.3035
16544,1.8591
16545,0.5031
16546,0.3781
16547,1.121
16548,0.1982
16549,0.7915
16550,1.0362
16551,0.3156
16552,1.0499
16553,0.3745
16554,0.3958
16555,0.7315
16556,0.4575
16557,0.723
16558,0.305
16559,1.0699
16560,0.4457
16561,1.6734
16562,0.2395
16563,2.3974
16564,0.6616
16565,0.2705
16566,0.2772
16567,2.0347
16568,0.2592
16569,0.24
16570,0.2334
16571,0.1495
16572,0.2134
16573,2.0061
16574,0.3138
16575,2.3607
16576,0.3739
16577,0.7688
16578,0.5193
16579,1.9716
16580,2.5796
16581,0.3074
16582,0.1816
16583,0.1652
16584,2.7139
16585,2.2537
16586,0.1343
16587,0.097
16588,2.1861
16589,1.6839
16590,1.5751
16591,1.6564
16592,0.2482
16593,0.5124
16594,1.5643
16595,0.4358
16596,0.893
16597,0.785
16598,0.4308
16599,1.2182
16600,0.2692
16601,0.9732
16602,1.1404
16603,1.2424
16604,0.8345
16605,0.6402
16606,0.3001
16607,0.5461
16608,0.202
16609,0.3797
16610,2.8429
16611,0.2961
16612,0.1355
16613,0.2585
16614,0.3026
16615,2.2038
16616,0.3892
16617,0.1659
16618,0.3692
16619,2.0811
16620,0.2375
16621,0.7539
16622,2.1483
16623,2.1458
16624,0.1727
16625,1.8709
16626,0.5103
16627,0.7428
16628,1.5487
16629,0.5279
16630,2.6907
16631,0.2512
16632,0.6594
16633,1.6795
16634,0.657
16635,0.8935
16636,0.2067
16637,2.3063
16638,0.4122
16639,0.357
16640,0.5053
16641,0.7235
16642,0.6122
16643,0.9013
16644,0.8004
16645,0.7506
16646,1.9482
16647,0.8836
16648,1.1898
16649,0.5776
16650,1.2579
16651,0.3734
16652,0.3819
16653,0.3491
16654,1.5116
16655,2.089
16656,0.2487
16657,0.3826
16658,0.18
16659,0.1527
16660,0.2605
16661,0.7736
16662,1.8725
16663,0.2937
16664,0.5533
16665,0.4769
16666,1.687
16667,1.4528
16668,0.4326
16669,0.2707
16670,0.5312
16671,0.355
16672,0.2411
16673,1.6666
16674,0.5821
16675,0.4822
16676,0.4663
16677,0.3791
16678,0.5677
16679,0.6937
16680,0.7314
16681,0.7365
16682,1.2114
16683,1.05
16684,0.5102
16685,1.0397
16686,2.5316
16687,0.8097
16688,0.7004
16689,0.5566
16690,1.0145
16691,0.9345
16692,0.5765
16693,1.2314
16694,0.9507
16695,0.4282
16696,0.9093
16697,0.9131
16698,0.4926
16699,1.4559
16700,1.3729
16701,0.4697
16702,0.8877
16703,0.1552
16704,1.067
16705,0.9564
16706,1.2352
16707,0.2764
16708,0.166
16709,0.6468
16710,1.9235
16711,0.8857
16712,0.1258
16713,0.4766
16714,0.4582
16715,0.2611
16716,0.3876
16717,2.212
16718,0.6795
16719,0.2763
16720,0.2058
16721,1.7499
16722,0.1422
16723,2.6403
16724,0.5892
16725,1.0987
16726,2.2088
16727,0.196
16728,0.321
16729,0.2212
16730,2.0506
16731,0.2606
16732,0.3029
16733,1.2207
16734,0.3959
16735,1.7566
16736,0.6282
16737,1.5714
16738,1.3364
16739,1.0185
16740,0.7306
16741,0.5875
16742,1.3961
16743,1.0633
16744,0.4046
16745,1.3264
16746,0.3085
16747,0.5808
16748,0.6696
16749,1.0789
16750,0.6842
16751,0.8156
16752,1.1407
16753,0.8135
16754,0.5277
16755,0.4898
16756,0.655
16757,1.2132
16758,1.6006
16759,1.9832
16760,2.8104
16761,2.4295
16762,2.9392
16763,2.576
16764,0.1827
16765,2.2212
16766,0.2839
16767,1.7943
16768,1.1243
16769,1.8334
16770,0.2737
16771,1.915
16772,0.819
16773,0.515
16774,0.5528
16775,1.1632
16776,0.3746
16777,1.2967
16778,2.3792
16779,1.6123
16780,0.8096
16781,0.8694
16782,0.8765
16783,0.7911
16784,1.2003
16785,0.734
16786,0.865
16787,1.0994
16788,0.6115
16789,1.2844
16790,0.3173
16791,0.9703
16792,1.4601
16793,0.2419
16794,0.2079
16795,1.2349
16796,1.7767
16797,1.1843
16798,1.5997
16799,0.8216
16800,0.5238
16801,1.2167
16802,1.531
16803,1.5944
16804,1.1604
16805,1.4059
16806,4.8262
16807,3.0504
16808,1.9264
16809,1.4061
16810,2.25
16811,0.5649
16812,0.3385
16813,1.5982
16814,2.0717
16815,0.8594
16816,0.3153
16817,0.1372
16818,1.0815
16819,1.5658
16820,1.7484
16821,1.729
16822,0.8153
16823,0.9148
16824,0.9204
16825,0.8016
16826,1.2771
16827,2.3218
16828,0.8238
16829,0.5042
16830,0.3127
16831,0.9067
16832,2.2237
16833,0.1957
16834,2.2025
16835,0.1963
16836,1.7639
16837,1.527
16838,0.8366
16839,1.6047
16840,0.4215
16841,0.5005
16842,1.6546
16843,0.3248
16844,1.1841
16845,0.8987
16846,0.6172
16847,0.7678
16848,0.6232
16849,2.3999
16850,0.6269
16851,0.6856
16852,1.3246
16853,0.4016
16854,0.5689
16855,0.3006
16856,1.6262
16857,1.0588
16858,1.0461
16859,0.9725
16860,0.4436
16861,0.7445
16862,1.4199
16863,0.5689
16864,0.5942
16865,1.2833
16866,0.3376
16867,1.5964
16868,0.8026
16869,0.3183
16870,0.653
16871,0.2147
16872,2.2085
16873,1.9615
16874,0.4032
16875,0.3829
16876,0.3753
16877,0.1132
16878,0.7803
16879,0.5247
16880,0.179
16881,0.3953
16882,0.404
16883,0.1902
16884,0.4609
16885,2.0764
16886,0.481
16887,0.3975
16888,2.0806
16889,1.927
16890,0.3095
16891,1.8823
16892,0.3194
16893,0.3832
16894,0.6475
16895,0.3926
16896,0.4617
16897,1.7921
16898,0.2902
16899,0.5171
16900,2.0983
16901,2.9156
16902,0.1991
16903,0.6991
16904,2.1772
16905,0.2211
16906,0.6768
16907,0.7158
16908,0.3925
16909,1.5233
16910,0.6721
16911,0.5039
16912,0.5248
16913,0.2536
16914,0.837
16915,1.6502
16916,0.4825
16917,1.7677
16918,1.5422
16919,1.5693
16920,1.0665
16921,2.2537
16922,0.7517
16923,0.3263
16924,0.1619
16925,1.7645
16926,1.7471
16927,1.0061
16928,0.3356
16929,0.3632
16930,1.2727
16931,1.2257
16932,1.5148
16933,1.4865
16934,0.7927
16935,0.6907
16936,0.7054
16937,0.6844
16938,0.7633
16939,1.1922
16940,1.9145
16941,0.963
16942,2.3829
16943,0.4129
16944,0.3489
16945,0.2634
16946,1.8783
16947,0.1482
16948,0.3774
16949,2.2921
16950,0.4207
16951,0.2613
16952,2.2179
16953,0.4657
16954,0.5729
16955,1.7489
16956,1.1545
16957,0.2549
16958,1.8313
16959,1.4299
16960,1.5085
16961,1.4348
16962,1.5809
16963,1.0777
16964,0.8307
16965,1.1129
16966,1.0072
16967,0.9183
16968,0.8111
16969,0.8376
16970,0.9461
16971,0.7545
16972,0.5358
16973,1.7336
16974,1.1964
16975,1.1733
16976,1.4393
16977,0.8649
16978,1.1825
16979,1.1552
16980,0.8688
16981,0.8794
16982,0.4939
16983,1.2878
16984,1.4643
16985,0.3049
16986,0.5236
16987,0.6304
16988,0.6387
16989,1.5366
16990,1.5237
16991,0.4592
16992,1.7978
16993,0.5771
16994,0.3898
16995,0.3434
16996,1.0928
16997,1.8526
16998,1.1543
16999,1.5001
17000,0.4296
17001,1.9835
17002,0.1999
17003,0.3627
17004,1.7728
17005,1.9229
17006,1.9145
17007,0.3433
17008,1.7036
17009,0.2784
17010,1.8323
17011,1.8137
17012,0.5839
17013,0.6106
17014,0.2466
17015,1.6937
17016,1.4923
17017,0.628
17018,0.2986
17019,0.724
17020,1.0694
17021,1.1472
17022,1.9393
17023,0.9667
17024,0.7926
17025,0.4396
17026,0.2994
17027,1.284
17028,0.8009
17029,1.1116
17030,0.4506
17031,1.6
17032,1.0148
17033,1.5735
17034,0.6599
17035,0.3451
17036,0.5714
17037,0.9435
17038,1.2769
17039,0.509
17040,0.7795
17041,1.2954
17042,1.1653
17043,1.4865
17044,1.8607
17045,1.2173
17046,0.5357
17047,0.7143
17048,0.33
17049,1.3038
17050,1.6286
17051,0.6792
17052,2.3311
17053,2.0414
17054,0.163
17055,0.598
17056,1.6308
17057,0.6836
17058,0.3961
17059,0.9393
17060,0.6249
17061,0.795
17062,0.4388
17063,1.7963
17064,0.3728
17065,2.1607
17066,2.0543
17067,0.2489
17068,1.0725
17069,1.4342
17070,0.5681
17071,2.6109
17072,0.1505
17073,0.8088
17074,0.5579
17075,0.1445
17076,1.75
17077,1.2935
17078,2.7987
17079,0.197
17080,2.1429
17081,0.6328
17082,0.4762
17083,1.1009
17084,1.0925
17085,0.19
17086,0.1731
17087,1.2496
17088,1.4687
17089,1.4642
17090,0.3849
17091,0.3914
17092,0.5059
17093,0.3809
17094,2.3692
17095,2.1707
17096,0.2765
17097,2.544
17098,0.3823
17099,0.389
17100,0.3465
17101,2.0394
17102,1.1312
17103,1.1764
17104,0.6746
17105,1.8655
17106,1.05
17107,1.1929
17108,0.5378
17109,0.8178
17110,0.8681
17111,0.8032
17112,1.4776
17113,1.7453
17114,0.287
17115,1.0194
17116,0.9014
17117,1.011
17118,1.1372
17119,1.4939
17120,0.903
17121,0.7167
17122,0.3562
17123,0.7616
17124,0.334
17125,0.2394
17126,0.6392
17127,0.2601
17128,0.6136
17129,0.4644
17130,0.5706
17131,1.7349
17132,1.5263
17133,1.5744
17134,0.528
17135,0.5106
17136,0.7256
17137,1.5967
17138,0.3939
17139,0.1473
17140,1.5509
17141,2.4494
17142,0.5483
17143,0.4229
17144,0.4925
17145,0.6661
17146,1.7507
17147,0.4034
17148,1.825
17149,0.4333
17150,1.9629
17151,2.0814
17152,0.2434
17153,1.7445
17154,0.3069
17155,1.5023
17156,1.408
17157,1.6036
17158,1.6676
17159,0.1806
17160,1.5584
17161,0.7394
17162,0.3565
17163,1.2802
17164,1.2759
17165,0.634
17166,0.8552
17167,1.0679
17168,2.1597
17169,0.236
17170,1.0303
17171,1.2165
17172,0.9349
17173,0.7483
17174,1.5813
17175,1.7586
17176,1.7568
17177,0.5122
17178,0.8584
17179,0.7247
17180,1.2144
17181,1.8872
17182,0.3844
17183,1.4891
17184,0.4273
17185,0.4391
17186,1.4361
17187,1.6742
17188,1.308
17189,0.2003
17190,0.2879
17191,1.4463
17192,0.267
17193,1.3803
17194,0.1497
17195,0.2626
17196,0.5956
17197,0.9268
17198,0.8107
17199,1.9563
17200,0.2008
17201,1.763
17202,0.2098
17203,0.2113
17204,0.2624
17205,2.1196
17206,1.837
17207,0.8978
17208,1.2734
17209,0.1914
17210,0.3777
17211,1.0739
17212,1.8174
17213,0.7391
17214,0.3942
17215,1.3341
17216,0.546
17217,0.4122
17218,0.5402
17219,1.3117
17220,0.565
17221,0.9732
17222,0.6075
17223,0.7939
17224,0.6771
17225,1.3178
17226,1.2386
17227,0.3212
17228,0.7296
17229,0.5588
17230,1.5752
17231,0.7705
17232,0.8769
17233,1.0299
17234,1.1735
17235,0.6818
17236,0.3016
17237,0.8138
17238,0.5671
17239,0.431
17240,0.4141
17241,1.7743
17242,2.5808
17243,1.6474
17244,0.5223
17245,0.314
17246,1.8352
17247,1.4428
17248,1.0642
17249,0.7486
17250,0.3657
17251,0.3601
17252,0.5301
17253,1.6726
17254,1.9917
17255,1.4722
17256,0.5776
17257,1.1875
17258,0.8576
17259,1.3107
17260,0.3316
17261,0.9685
17262,0.9011
17263,0.2731
17264,0.889
17265,0.6688
17266,0.8388
17267,0.7586
17268,2.1734
17269,0.2694
17270,1.9241
17271,0.229
17272,0.5123
17273,2.5221
17274,0.2292
17275,0.7651
17276,0.3008
17277,1.8382
17278,0.5349
17279,2.313
17280,0.2017
17281,0.5156
17282,0.3227
17283,0.1915
17284,0.3023
17285,0.3584
17286,1.8091
17287,0.5548
17288,0.8773
17289,0.2536
17290,0.3325
17291,1.717
17292,1.0106
17293,2.0059
17294,0.2056
17295,1.7287
17296,0.4527
17297,0.2367
17298,1.1191
17299,1.1025
17300,1.8316
17301,0.2404
17302,0.6745
17303,2.4662
17304,0.7217
17305,1.0366
17306,0.2599
17307,0.4921
17308,1.8068
17309,0.3368
17310,0.1841
17311,0.1503
17312,2.1957
17313,0.2459
17314,0.4277
17315,0.241
17316,0.3416
17317,2.1398
17318,0.2472
17319,0.5746
17320,0.4979
17321,0.3003
17322,1.2261
17323,1.3162
17324,0.885
17325,0.4275
17326,1.4944
17327,0.8743
17328,1.5185
17329,0.2936
17330,1.0221
17331,1.5487
17332,1.1341
17333,1.2789
17334,1.3599
17335,0.1387
17336,0.7091
17337,0.7577
17338,1.4437
17339,0.5663
17340,1.2441
17341,0.8182
17342,1.1638
17343,0.7981
17344,0.3835
17345,1.2147
17346,0.2288
17347,1.3822
17348,1.5129
17349,0.5923
17350,1.4443
17351,1.3396
17352,1.1201
17353,0.5859
17354,0.4875
17355,1.2925
17356,0.6773
17357,0.437
17358,1.1405
17359,0.3924
17360,0.9469
17361,1.1825
17362,0.23
17363,1.7347
17364,1.0883
17365,0.2802
17366,1.2358
17367,1.2618
17368,0.4031
17369,0.4153
17370,0.31
17371,0.6202
17372,1.3307
17373,0.5374
17374,0.8809
17375,0.6963
17376,0.8097
17377,1.3964
17378,0.8704
17379,1.4047
17380,0.3503
17381,1.5454
17382,0.7429
17383,1.5177
17384,1.1071
17385,0.5609
17386,0.4288
17387,1.5231
17388,0.4301
17389,0.2326
17390,0.355
17391,0.4919
17392,0.633
17393,0.3881
17394,0.3263
17395,0.9783
17396,1.294
17397,0.3145
17398,1.3734
17399,1.6868
17400,1.4146
17401,0.4859
17402,0.9678
17403,1.9417
17404,0.299
17405,2.3983
17406,1.6436
17407,0.2836
17408,1.2985
17409,0.9086
17410,1.0171
17411,0.8941
17412,1.2225
17413,1.4062
17414,1.9341
17415,1.6171
17416,1.7152
17417,2.3147
17418,1.7085
17419,0.5961
17420,0.2301
17421,1.9547
17422,0.3283
17423,0.3704
17424,0.4729
17425,0.1627
17426,0.1162
17427,0.2782
17428,0.2889
17429,0.2589
17430,1.8293
17431,0.4235
17432,2.1596
17433,1.5979
17434,0.3429
17435,0.4043
17436,1.2271
17437,0.344
17438,0.9491
17439,0.9142
17440,0.7742
17441,1.2282
17442,0.6415
17443,0.9231
17444,1.12
17445,0.6121
17446,0.9858
17447,0.1686
17448,1.7639
17449,0.3699
17450,0.4084
17451,0.723
17452,0.4602
17453,1.1251
17454,0.8097
17455,1.3953
17456,0.2629
17457,0.2874
17458,0.9081
17459,1.3374
17460,1.6468
17461,1.2681
17462,0.3973
17463,1.1542
17464,0.3692
17465,0.5232
17466,0.855
17467,1.1828
17468,0.7428
17469,0.7375
17470,0.9901
17471,0.5216
17472,1.0665
17473,0.8854
17474,0.7751
17475,0.6665
17476,0.3747
17477,0.8554
17478,0.5473
17479,0.4896
17480,1.2266
17481,1.4587
17482,1.6841
17483,0.578
17484,0.5662
17485,0.33
17486,0.3844
17487,1.2039
17488,1.4207
17489,1.1195
17490,0.7598
17491,0.9811
17492,0.7714
17493,0.7235
17494,0.2734
17495,0.3216
17496,0.721
17497,0.4494
17498,1.2409
17499,0.6288
17500,1.0482
17501,1.1486
17502,0.8554
17503,1.1752
17504,0.415
17505,1.1714
17506,0.4526
17507,1.2646
17508,0.2832
17509,0.4543
17510,1.4427
17511,0.3791
17512,1.8357
17513,2.1752
17514,0.3844
17515,1.6556
17516,1.8572
17517,2.0567
17518,1.4386
17519,1.9713
17520,1.2185
17521,1.5506
17522,1.3999
17523,0.7084
17524,0.3865
17525,0.6951
17526,1.2415
17527,0.9069
17528,0.272
17529,1.0809
17530,0.35
17531,0.7782
17532,0.8431
17533,0.5068
17534,0.704
17535,1.4926
17536,1.2579
17537,2.1263
17538,0.9615
17539,0.7043
17540,0.4608
17541,0.5696
17542,0.7906
17543,1.4
17544,1.1396
17545,0.6051
17546,0.6794
17547,1.0695
17548,0.6226
17549,0.5818
17550,0.9096
17551,0.1961
17552,0.2224
17553,0.5888
17554,1.3672
17555,1.6197
17556,1.4094
17557,1.7351
17558,0.268
17559,0.2875
17560,1.6708
17561,0.7859
17562,0.4139
17563,0.2151
17564,0.7969
17565,0.2669
17566,1.5805
17567,1.098
17568,1.7571
17569,0.2322
17570,0.3735
17571,0.2508
17572,0.3652
17573,0.3542
17574,0.5189
17575,1.5271
17576,1.2836
17577,0.9679
17578,0.3166
17579,0.4225
17580,1.5564
17581,0.8898
17582,0.9899
17583,0.4706
17584,1.0749
17585,0.2207
17586,1.1553
17587,0.8315
17588,0.7911
17589,0.5031
17590,0.5743
17591,0.7079
17592,1.1988
17593,0.6101
17594,0.3239
17595,0.3508
17596,0.4507
17597,0.9248
17598,0.3676
17599,0.5527
17600,1.9684
17601,0.2454
17602,0.3637
17603,0.2418
17604,0.3864
17605,1.893
17606,1.7881
17607,0.7374
17608,0.2844
17609,0.4587
17610,0.4796
17611,1.1588
17612,0.3331
17613,0.7083
17614,0.9646
17615,0.4439
17616,0.9177
17617,0.9466
17618,1.2635
17619,0.4745
17620,0.1539
17621,1.1215
17622,1.3219
17623,0.9982
17624,1.1479
17625,0.6927
17626,1.6196
17627,1.3541
17628,4.4085
17629,0.5577
17630,1.7312
17631,0.4094
17632,0.2912
17633,0.7052
17634,0.7844
17635,0.3204
17636,2.0967
17637,0.2771
17638,0.4378
17639,2.2073
17640,2.3166
17641,0.513
17642,0.1719
17643,1.7363
17644,0.8115
17645,0.3922
17646,0.4595
17647,0.8193
17648,0.375
17649,0.3237
17650,0.5015
17651,1.4131
17652,1.2054
17653,0.6399
17654,1.5304
17655,1.9462
17656,0.4138
17657,0.3333
17658,0.3244
17659,0.2305
17660,2.3293
17661,0.3222
17662,2.3522
17663,2.4109
17664,0.312
17665,0.228
17666,0.2091
17667,0.41
17668,0.4033
17669,0.2303
17670,1.877
17671,0.56
17672,0.3664
17673,0.9891
17674,1.8781
17675,1.956
17676,0.4724
17677,1.0347
17678,0.4057
17679,1.0611
17680,0.2956
17681,0.1458
17682,0.173
17683,0.2492
17684,1.3393
17685,1.0236
17686,1.0965
17687,1.2951
17688,0.6839
17689,0.2283
17690,0.2216
17691,0.3638
17692,0.1985
17693,1.2125
17694,0.503
17695,0.3778
17696,0.5892
17697,1.3657
17698,2.2002
17699,0.4508
17700,0.1624
17701,2.2318
17702,0.2579
17703,0.2722
17704,0.4643
17705,1.9271
17706,2.1069
17707,0.1856
17708,2.1815
17709,0.9397
17710,2.3278
17711,1.6374
17712,0.2843
17713,2.8114
17714,0.5737
17715,0.7295
17716,1.9232
17717,0.4203
17718,2.4451
17719,3.2559
17720,2.6921
17721,0.224
17722,0.4207
17723,0.6622
17724,0.3684
17725,0.2665
17726,0.2708
17727,0.3447
17728,2.8203
17729,0.3877
17730,0.2947
17731,0.3022
17732,2.2095
17733,0.1763
17734,0.7075
17735,0.2995
17736,0.4247
17737,0.333
17738,0.5072
17739,0.4658
17740,0.2664
17741,0.4968
17742,0.3805
17743,0.376
17744,1.8942
17745,1.6233
17746,2.2536
17747,1.5614
17748,0.5295
17749,1.3523
17750,1.5619
17751,0.6358
17752,0.7226
17753,1.6441
17754,0.1504
17755,0.9839
17756,1.5333
17757,0.928
17758,0.2682
17759,0.6493
17760,1.3075
17761,1.8511
17762,0.4737
17763,0.5615
17764,1.5842
17765,0.5013
17766,0.2926
17767,1.5861
17768,0.522
17769,1.2314
17770,1.5812
17771,0.5141
17772,0.5519
17773,1.059
17774,1.1513
17775,1.0029
17776,1.271
17777,0.5462
17778,0.5175
17779,1.4001
17780,1.7053
17781,0.3332
17782,0.3217
17783,0.4027
17784,0.1687
17785,2.4043
17786,2.5081
17787,1.8477
17788,0.5561
17789,0.2277
17790,2.3378
17791,0.5115
17792,0.4212
17793,1.4719
17794,0.2543
17795,0.9784
17796,2.196
17797,0.2265
17798,0.6382
17799,0.1979
17800,0.2824
17801,0.5638
17802,0.1929
17803,0.5442
17804,0.2059
17805,2.1017
17806,1.1899
17807,0.2477
17808,1.792
17809,0.3104
17810,0.4277
17811,0.1468
17812,0.1182
17813,0.4455
17814,0.7047
17815,0.3214
17816,0.2623
17817,2.3452
17818,1.8231
17819,0.4866
17820,1.8196
17821,1.2502
17822,1.3173
17823,0.4989
17824,0.9511
17825,0.7726
17826,0.5248
17827,0.5074
17828,1.0151
17829,0.6571
17830,1.035
17831,0.7807
17832,0.6786
17833,0.7282
17834,0.798
17835,1.0571
17836,0.8804
17837,0.6639
17838,1.1144
17839,0.438
17840,0.704
17841,1.5639
17842,0.4384
17843,0.3939
17844,1.8845
17845,1.7887
17846,0.683
17847,0.9864
17848,0.3261
17849,1.4012
17850,0.4179
17851,0.713
17852,1.3546
17853,1.4507
17854,1.4933
17855,1.3752
17856,0.3437
17857,0.9906
17858,1.1655
17859,1.1293
17860,1.2389
17861,0.3882
17862,1.2537
17863,0.86
17864,0.4928
17865,1.3844
17866,1.7243
17867,1.3955
17868,0.6101
17869,0.3756
17870,0.5178
17871,0.5363
17872,1.4128
17873,0.9468
17874,0.9738
17875,0.2663
17876,0.4518
17877,0.7122
17878,1.5132
17879,0.574
17880,0.5019
17881,1.7875
17882,1.02
17883,1.0966
17884,1.051
17885,0.3532
17886,0.4022
17887,2.519
17888,1.6737
17889,0.9389
17890,1.029
17891,0.9116
17892,1.2428
17893,0.7592
17894,1.0872
17895,0.8746
17896,0.7596
17897,0.7202
17898,0.9908
17899,0.6884
17900,1.7173
17901,1.7899
17902,0.7398
17903,0.4726
17904,1.742
17905,1.8352
17906,0.5203
17907,1.773
17908,2.0356
17909,0.3287
17910,0.3601
17911,0.4399
17912,1.7628
17913,1.789
17914,0.3792
17915,0.6808
17916,1.1126
17917,2.1952
17918,0.6576
17919,0.307
17920,1.3587
17921,0.4717
17922,0.6848
17923,0.9796
17924,0.228
17925,1.2777
17926,1.5039
17927,0.8928
17928,0.7875
17929,0.8567
17930,0.6076
17931,0.6318
17932,0.9728
17933,1.01
17934,0.3673
17935,1.1136
17936,0.5588
17937,1.3739
17938,0.1911
17939,1.4033
17940,0.3912
17941,2.7754
17942,4.1313
17943,0.225
17944,2.6312
17945,0.4859
17946,0.1355
17947,0.3446
17948,0.181
17949,1.3676
17950,0.4221
17951,0.5312
17952,0.1682
17953,0.316
17954,2.1115
17955,0.3405
17956,0.2022
17957,1.1593
17958,0.1261
17959,2.8072
17960,1.792
17961,2.3123
17962,2.5202
17963,0.1797
17964,2.5531
17965,1.9915
17966,0.3401
17967,3.6944
17968,0.382
17969,0.4971
17970,1.3818
17971,1.0525
17972,0.9724
17973,0.5702
17974,1.1542
17975,0.5087
17976,1.319
17977,1.2257
17978,1.6338
17979,0.3677
17980,1.0137
17981,1.4847
17982,2.0857
17983,0.644
17984,0.3276
17985,1.8641
17986,0.9707
17987,0.2051
17988,0.6282
17989,0.1558
17990,2.2166
17991,0.4807
17992,0.5381
17993,0.1926
17994,0.1139
17995,1.6178
17996,0.6864
17997,0.4654
17998,1.4735
17999,0.8421
18000,2.4437
18001,1.6635
18002,0.3958
18003,0.3018
18004,0.3475
18005,0.2496
18006,1.8409
18007,2.0207
18008,0.3886
18009,0.4281
18010,1.53
18011,0.5212
18012,1.7628
18013,0.4045
18014,0.5601
18015,0.4666
18016,1.6407
18017,0.6292
18018,0.4667
18019,0.4929
18020,0.6028
18021,0.509
18022,2.1809
18023,0.6098
18024,1.0375
18025,0.2771
18026,0.2126
18027,0.9824
18028,3.3998
18029,1.2147
18030,0.6473
18031,1.4096
18032,1.6112
18033,0.4972
18034,1.5241
18035,0.1498
18036,1.9665
18037,1.3064
18038,0.5954
18039,0.3314
18040,0.5396
18041,0.7064
18042,1.3489
18043,0.6109
18044,0.8477
18045,1.6088
18046,1.7995
18047,0.2915
18048,2.9165
18049,1.5253
18050,2.0174
18051,1.6233
18052,0.2793
18053,0.7178
18054,0.4241
18055,0.3266
18056,3.2905
18057,0.2961
18058,1.9632
18059,0.9571
18060,0.891
18061,0.8027
18062,1.1218
18063,0.8285
18064,1.7532
18065,0.805
18066,0.4861
18067,2.1398
18068,0.4556
18069,0.4376
18070,0.378
18071,2.4775
18072,0.1484
18073,2.6832
18074,0.1359
18075,0.4059
18076,0.2079
18077,3.0951
18078,2.2905
18079,0.5081
18080,1.8353
18081,1.4348
18082,1.0901
18083,1.2279
18084,1.2236
18085,1.6055
18086,0.4937
18087,0.6931
18088,1.6525
18089,0.2751
18090,0.1761
18091,0.312
18092,2.3473
18093,0.6405
18094,0.3803
18095,2.2612
18096,2.2971
18097,0.1901
18098,0.3955
18099,0.5437
18100,0.6494
18101,0.7212
18102,0.5761
18103,1.6532
18104,0.1602
18105,3.0895
18106,0.1141
18107,2.8386
18108,2.1015
18109,2.1481
18110,1.575
18111,0.6423
18112,0.3651
18113,0.1687
18114,2.4272
18115,2.671
18116,0.26
18117,0.3308
18118,0.3532
18119,0.4761
18120,1.9211
18121,2.886
18122,1.3152
18123,1.4933
18124,1.1462
18125,0.3647
18126,1.3235
18127,0.4658
18128,0.2758
18129,1.4357
18130,1.9271
18131,0.2854
18132,1.8135
18133,1.3136
18134,1.7404
18135,0.4365
18136,0.4412
18137,0.6193
18138,0.631
18139,1.8097
18140,0.5514
18141,1.6218
18142,0.2407
18143,0.546
18144,1.0736
18145,0.439
18146,0.3149
18147,0.6642
18148,0.7182
18149,0.3261
18150,1.1305
18151,0.5352
18152,1.7436
18153,1.062
18154,1.049
18155,1.1413
18156,0.6602
18157,1.2715
18158,0.9343
18159,1.207
18160,0.9384
18161,1.2349
18162,0.8953
18163,0.6366
18164,1.4942
18165,1.2521
18166,1.5867
18167,2.7093
18168,4.6455
18169,0.3985
18170,0.3628
18171,0.9646
18172,1.0226
18173,1.0058
18174,0.8123
18175,0.6803
18176,0.9308
18177,0.3266
18178,0.6843
18179,1.6196
18180,0.2652
18181,0.4166
18182,0.528
18183,1.453
18184,1.6064
18185,0.4568
18186,0.7544
18187,0.2604
18188,0.4343
18189,0.2142
18190,0.265
18191,0.1902
18192,0.1596
18193,0.2524
18194,2.4472
18195,0.3134
18196,1.9038
18197,1.8202
18198,0.1489
18199,0.7395
18200,0.4307
18201,1.4583
18202,1.2936
18203,0.1626
18204,1.1045
18205,1.1313
18206,0.8114
18207,1.0874
18208,1.3349
18209,1.2064
18210,0.725
18211,0.3658
18212,0.3322
18213,1.6977
18214,1.4935
18215,1.478
18216,1.1318
18217,0.7117
18218,0.7216
18219,1.5423
18220,0.4718
18221,0.2922
18222,0.683
18223,2.1027
18224,0.5522
18225,1.7239
18226,0.4544
18227,0.2835
18228,0.4051
18229,3.5672
18230,2.2352
18231,0.6942
18232,1.4048
18233,0.9102
18234,0.5202
18235,1.0104
18236,0.6191
18237,0.3907
18238,1.6157
18239,0.3566
18240,1.101
18241,0.2375
18242,1.2497
18243,0.186
18244,2.4917
18245,0.3754
18246,0.2
18247,1.5571
18248,1.5515
18249,1.7253
18250,2.5438
18251,1.637
18252,0.4469
18253,0.4634
18254,0.861
18255,0.5086
18256,0.5902
18257,2.1789
18258,3.3966
18259,2.2639
18260,1.7265
18261,0.609
18262,2.7754
18263,1.6605
18264,0.5761
18265,1.3427
18266,1.754
18267,2.0727
18268,0.2066
18269,2.4675
18270,1.9951
18271,1.8483
18272,0.5128
18273,1.5195
18274,1.3858
18275,0.5826
18276,1.9203
18277,1.6703
18278,1.2144
18279,0.5716
18280,0.7251
18281,1.4194
18282,1.0449
18283,1.0268
18284,0.5536
18285,0.8072
18286,0.951
18287,0.356
18288,0.418
18289,0.9089
18290,1.004
18291,0.4664
18292,0.9793
18293,0.9793
18294,1.099
18295,0.3132
18296,0.8791
18297,0.6536
18298,0.2937
18299,0.2773
18300,0.6194
18301,1.0087
18302,0.3502
18303,0.4111
18304,0.7177
18305,0.4924
18306,0.4035
18307,3.5318
18308,2.2
18309,0.2694
18310,32.1953
18311,0.6156
18312,0.2419
18313,0.3323
18314,0.4684
18315,1.1546
18316,0.7281
18317,0.4419
18318,0.2786
18319,0.3757
18320,2.4009
18321,0.7808
18322,0.4959
18323,0.303
18324,2.2516
18325,0.1853
18326,1.005
18327,0.604
18328,0.5949
18329,0.5883
18330,0.7891
18331,0.8899
18332,1.0724
18333,0.7234
18334,0.7461
18335,0.2634
18336,0.5345
18337,0.3359
18338,1.2535
18339,0.6461
18340,0.9448
18341,4.4847
18342,0.689
18343,0.3873
18344,0.4997
18345,1.1859
18346,0.1877
18347,1.1379
18348,0.9671
18349,0.9295
18350,1.413
18351,1.9141
18352,1.2909
18353,0.5137
18354,1.7269
18355,0.7031
18356,0.7354
18357,0.5007
18358,0.5671
18359,2.3706
18360,2.7515
18361,0.4706
18362,1.8694
18363,0.3698
18364,0.3691
18365,0.2641
18366,0.2919
18367,0.4254
18368,0.2361
18369,2.051
18370,0.6408
18371,0.529
18372,2.0395
18373,0.5505
18374,1.3329
18375,0.3061
18376,1.8796
18377,1.7765
18378,0.4295
18379,0.4891
18380,0.7585
18381,0.6582
18382,0.4294
18383,1.2135
18384,1.0967
18385,0.4106
18386,0.7039
18387,1.1822
18388,0.2779
18389,0.7843
18390,0.5997
18391,0.268
18392,0.4477
18393,2.9852
18394,1.5754
18395,1.3707
18396,0.6283
18397,0.3064
18398,1.8861
18399,1.8637
18400,0.4727
18401,2.2959
18402,0.448
18403,0.3328
18404,0.351
18405,0.3117
18406,0.4395
18407,0.3833
18408,0.3847
18409,0.2673
18410,0.7023
18411,0.606
18412,1.2475
18413,0.4723
18414,0.1729
18415,0.2747
18416,0.4813
18417,0.3322
18418,0.7689
18419,1.4381
18420,0.4725
18421,0.7321
18422,0.7655
18423,1.508
18424,1.5198
18425,0.6576
18426,1.5206
18427,0.9463
18428,1.0698
18429,0.6106
18430,0.5263
18431,0.3817
18432,0.8862
18433,1.712
18434,1.1198
18435,1.4704
18436,0.1598
18437,1.55
18438,0.2077
18439,0.2714
18440,0.3003
18441,0.6165
18442,1.6244
18443,0.3856
18444,0.4599
18445,1.6108
18446,1.4159
18447,1.2712
18448,0.2401
18449,1.5049
18450,1.5976
18451,0.956
18452,0.7532
18453,1.0077
18454,0.7633
18455,0.4682
18456,0.7255
18457,0.8344
18458,0.4778
18459,0.7356
18460,0.671
18461,0.9085
18462,0.9476
18463,0.9402
18464,1.174
18465,0.4731
18466,0.6905
18467,1.6422
18468,0.2912
18469,0.2734
18470,0.2082
18471,1.6926
18472,0.456
18473,0.4104
18474,0.3006
18475,0.6139
18476,0.8927
18477,1.1585
18478,0.8874
18479,1.1999
18480,0.8436
18481,0.6065
18482,0.4705
18483,0.558
18484,0.5504
18485,0.4631
18486,0.239
18487,1.8459
18488,0.2705
18489,0.4146
18490,2.8823
18491,1.4468
18492,1.3124
18493,0.5738
18494,1.7138
18495,2.1435
18496,0.1983
18497,1.5121
18498,1.1782
18499,0.1609
18500,0.5289
18501,1.5313
18502,1.3028
18503,1.0487
18504,0.8895
18505,0.6904
18506,0.8004
18507,0.6139
18508,1.1028
18509,1.5974
18510,0.7471
18511,1.2071
18512,0.3625
18513,0.7132
18514,1.3557
18515,0.4701
18516,0.8894
18517,1.0746
18518,0.4537
18519,0.4976
18520,0.2776
18521,1.7887
18522,0.4162
18523,0.7517
18524,2.0384
18525,1.3144
18526,0.7013
18527,0.4982
18528,0.1083
18529,0.2647
18530,0.5759
18531,0.1912
18532,0.6785
18533,0.8816
18534,1.4698
18535,0.5242
18536,1.6285
18537,0.1945
18538,0.1786
18539,1.6517
18540,0.2109
18541,1.5703
18542,0.1111
18543,0.1177
18544,0.4198
18545,1.8072
18546,0.4753
18547,0.3387
18548,0.6982
18549,1.228
18550,1.3984
18551,1.1907
18552,1.0521
18553,0.5959
18554,0.1762
18555,0.2772
18556,0.1974
18557,0.9395
18558,0.3557
18559,0.928
18560,0.5586
18561,1.0323
18562,0.9605
18563,0.8298
18564,0.949
18565,1.3348
18566,0.5323
18567,1.1848
18568,1.2654
18569,0.5383
18570,0.967
18571,0.8327
18572,0.601
18573,0.7332
18574,0.3396
18575,0.7626
18576,0.5638
18577,0.2996
18578,1.1482
18579,1.1865
18580,0.5095
18581,1.4371
18582,0.7756
18583,0.7579
18584,0.5419
18585,0.6148
18586,0.7168
18587,1.1126
18588,0.2431
18589,0.4495
18590,0.7811
18591,0.398
18592,1.3791
18593,0.3938
18594,0.2095
18595,1.9453
18596,0.2906
18597,1.7647
18598,0.4047
18599,0.6431
18600,0.5543
18601,2.1294
18602,0.4656
18603,1.1935
18604,1.5995
18605,0.1797
18606,2.3421
18607,0.895
18608,0.5998
18609,0.3576
18610,0.2649
18611,0.5471
18612,0.2244
18613,0.2422
18614,1.5683
18615,0.1639
18616,1.7681
18617,0.7933
18618,0.963
18619,0.2121
18620,1.6764
18621,1.0202
18622,0.4689
18623,0.4769
18624,0.6593
18625,0.3485
18626,0.6118
18627,0.4938
18628,1.2788
18629,0.1686
18630,0.3303
18631,0.9233
18632,1.4509
18633,1.1033
18634,1.3798
18635,1.5068
18636,1.8099
18637,0.4515
18638,0.4315
18639,0.8454
18640,0.2593
18641,1.0645
18642,0.5338
18643,1.4594
18644,0.3378
18645,0.3478
18646,0.5147
18647,0.6111
18648,0.3724
18649,0.5655
18650,0.3101
18651,0.4477
18652,1.7361
18653,0.2579
18654,0.2136
18655,1.6246
18656,1.4422
18657,1.3663
18658,1.2119
18659,0.9241
18660,0.5634
18661,0.7447
18662,0.3827
18663,0.907
18664,0.8385
18665,0.2338
18666,0.2495
18667,0.4048
18668,1.6109
18669,0.4251
18670,0.4201
18671,0.5183
18672,1.425
18673,0.2741
18674,1.1091
18675,3.7798
18676,0.275
18677,1.2902
18678,0.5256
18679,0.7396
18680,0.6106
18681,0.6854
18682,0.5503
18683,0.4312
18684,1.47
18685,0.4769
18686,0.5248
18687,1.3321
18688,1.473
18689,1.5825
18690,1.3047
18691,1.0819
18692,0.5419
18693,1.2716
18694,0.6261
18695,0.2398
18696,0.6625
18697,1.3133
18698,0.2142
18699,1.5012
18700,0.5979
18701,0.5236
18702,1.0542
18703,1.4228
18704,0.1832
18705,0.2
18706,0.1899
18707,0.2012
18708,0.4867
18709,0.7809
18710,0.2156
18711,0.6436
18712,0.5676
18713,0.2446
18714,0.7405
18715,0.1607
18716,0.6932
18717,3.5412
18718,0.7337
18719,1.5076
18720,1.3612
18721,3.7562
18722,0.6052
18723,0.2332
18724,0.7757
18725,0.2953
18726,1.2685
18727,0.5138
18728,0.5699
18729,1.4752
18730,0.4284
18731,0.2362
18732,0.5535
18733,3.4304
18734,3.5771
18735,0.1617
18736,0.3512
18737,0.9876
18738,0.9425
18739,0.3829
18740,0.2191
18741,0.1618
18742,1.9538
18743,2.0738
18744,2.5656
18745,0.1243
18746,3.2287
18747,0.1801
18748,0.2228
18749,0.1865
18750,2.7339
18751,0.0907
18752,0.1099
18753,0.2692
18754,0.3059
18755,0.123
18756,1.9065
18757,0.2744
18758,0.314
18759,0.2984
18760,0.3364
18761,0.4605
18762,1.2899
18763,1.0868
18764,0.6705
18765,0.8134
18766,0.6423
18767,0.8379
18768,0.9095
18769,0.4567
18770,0.5707
18771,0.3915
18772,1.6714
18773,1.9289
18774,2.5695
18775,0.1652
18776,0.2507
18777,2.419
18778,0.2766
18779,0.1779
18780,0.2323
18781,2.034
18782,0.1921
18783,2.0362
18784,1.2813
18785,0.299
18786,0.314
18787,0.5003
18788,0.2864
18789,0.4714
18790,0.2243
18791,0.3207
18792,0.2849
18793,0.442
18794,1.7879
18795,1.8742
18796,0.3919
18797,0.3159
18798,2.12
18799,2.5703
18800,0.453
18801,0.1789
18802,0.2372
18803,0.1869
18804,0.2995
18805,0.4463
18806,0.6606
18807,1.4162
18808,0.2582
18809,0.6624
18810,0.386
18811,1.2168
18812,0.1913
18813,1.3928
18814,1.076
18815,1.1226
18816,1.3988
18817,1.0677
18818,1.1988
18819,0.4718
18820,1.0737
18821,0.4906
18822,0.605
18823,2.0021
18824,1.7151
18825,0.6519
18826,0.2175
18827,0.2367
18828,0.3063
18829,2.7902
18830,0.459
18831,0.1194
18832,1.8789
18833,1.6064
18834,0.3424
18835,1.5993
18836,0.5558
18837,0.5653
18838,1.9427
18839,1.8282
18840,0.3534
18841,0.4993
18842,0.8846
18843,0.445
18844,0.4592
18845,0.9188
18846,0.9047
18847,2.601
18848,1.9334
18849,0.2107
18850,1.6687
18851,0.4638
18852,0.2421
18853,1.2686
18854,0.2034
18855,0.2138
18856,0.2175
18857,0.1519
18858,0.2793
18859,0.498
18860,0.1729
18861,0.5113
18862,0.9959
18863,1.0298
18864,0.7154
18865,1.2225
18866,1.4291
18867,0.9116
18868,0.9827
18869,1.2188
18870,1.0266
18871,0.3669
18872,1.3174
18873,0.3709
18874,0.6294
18875,0.5326
18876,0.3196
18877,0.7399
18878,1.8822
18879,1.6878
18880,0.243
18881,0.2492
18882,0.1852
18883,0.2262
18884,0.2884
18885,0.2472
18886,1.0387
18887,1.3256
18888,1.1683
18889,1.2157
18890,1.4357
18891,1.8009
18892,1.6882
18893,1.1008
18894,1.0231
18895,1.2686
18896,1.2967
18897,0.8567
18898,1.6904
18899,0.721
18900,1.7341
18901,1.9212
18902,0.1882
18903,0.4608
18904,0.2795
18905,1.9993
18906,0.3249
18907,0.18
18908,0.2264
18909,2.5623
18910,0.5184
18911,0.3918
18912,0.4926
18913,2.2394
18914,0.4083
18915,2.2914
18916,0.4102
18917,1.1263
18918,0.9831
18919,1.6447
18920,1.6413
18921,0.3943
18922,1.4576
18923,1.0633
18924,0.4355
18925,1.8923
18926,0.7074
18927,0.4222
18928,1.3333
18929,0.3829
18930,0.3294
18931,0.7809
18932,1.5361
18933,0.6921
18934,1.5715
18935,0.517
18936,0.5786
18937,0.4914
18938,0.6761
18939,0.8464
18940,0.6952
18941,0.9771
18942,1.4057
18943,1.0992
18944,0.3176
18945,0.8086
18946,0.3997
18947,0.4896
18948,0.5603
18949,1.8494
18950,2.7627
18951,2.6604
18952,2.9401
18953,0.154
18954,0.3832
18955,2.9058
18956,2.253
18957,0.2784
18958,0.3055
18959,0.3002
18960,0.3295
18961,2.3468
18962,0.2019
18963,0.19
18964,0.157
18965,0.261
18966,0.2485
18967,0.3184
18968,0.496
18969,1.9363
18970,0.2879
18971,0.3889
18972,0.1817
18973,0.1674
18974,0.178
18975,0.2019
18976,2.1824
18977,0.3116
18978,0.2991
18979,2.0979
18980,0.4704
18981,1.355
18982,0.6346
18983,1.101
18984,0.5354
18985,0.2792
18986,0.3927
18987,0.4065
18988,0.2361
18989,1.707
18990,0.8818
18991,2.292
18992,2.4603
18993,1.5581
18994,0.556
18995,1.6636
18996,1.5994
18997,0.4578
18998,1.4693
18999,0.6499
19000,0.8766
19001,1.1606
19002,0.7396
19003,1.2503
19004,0.6023
19005,0.5999
19006,0.8229
19007,0.8518
19008,0.8242
19009,1.0207
19010,0.169
19011,0.4651
19012,0.7576
19013,0.9425
19014,1.698
19015,0.7822
19016,0.321
19017,1.0527
19018,1.7006
19019,1.2138
19020,1.5966
19021,1.0232
19022,1.3142
19023,0.1148
19024,1.1075
19025,0.172
19026,1.7257
19027,0.6906
19028,1.2688
19029,1.3035
19030,0.2038
19031,1.03
19032,1.4449
19033,0.2388
19034,1.4213
19035,1.3386
19036,2.0352
19037,1.3513
19038,1.1677
19039,0.3163
19040,2.9092
19041,0.3802
19042,0.5204
19043,0.3452
19044,0.2714
19045,1.7226
19046,1.8893
19047,0.3083
19048,1.2347
19049,0.2733
19050,0.2342
19051,1.437
19052,0.2604
19053,1.6474
19054,0.7599
19055,0.6025
19056,0.6453
19057,0.211
19058,0.4111
19059,0.4202
19060,0.6382
19061,0.3678
19062,2.0509
19063,2.7208
19064,1.9833
19065,0.2183
19066,0.2581
19067,0.4879
19068,0.3031
19069,0.3318
19070,0.4394
19071,0.4678
19072,0.2921
19073,2.2287
19074,0.3729
19075,0.5211
19076,1.6346
19077,0.4998
19078,1.2829
19079,1.0838
19080,1.0474
19081,0.8703
19082,1.5713
19083,2.4936
19084,1.2438
19085,0.4548
19086,1.2213
19087,2.0998
19088,1.4819
19089,0.5682
19090,0.351
19091,1.2973
19092,1.437
19093,0.3955
19094,0.9638
19095,1.5725
19096,1.0513
19097,2.4781
19098,0.551
19099,0.8148
19100,0.6399
19101,1.0666
19102,0.7552
19103,0.8471
19104,0.7537
19105,0.7281
19106,0.259
19107,1.3803
19108,0.5649
19109,1.3818
19110,1.0935
19111,1.43
19112,1.4914
19113,1.124
19114,0.7094
19115,0.3857
19116,1.2997
19117,0.6649
19118,0.58
19119,0.5694
19120,0.9499
19121,0.3876
19122,1.9242
19123,0.357
19124,0.4199
19125,0.255
19126,2.2044
19127,0.9365
19128,0.6039
19129,0.5653
19130,0.6531
19131,0.3717
19132,1.187
19133,0.3556
19134,1.5366
19135,1.4549
19136,0.1829
19137,2.0589
19138,1.0881
19139,0.2902
19140,1.7218
19141,0.6022
19142,0.579
19143,0.507
19144,1.3444
19145,1.407
19146,0.6786
19147,0.3952
19148,1.4643
19149,0.9409
19150,2.1251
19151,2.5176
19152,2.1742
19153,2.1496
19154,0.1735
19155,0.1985
19156,2.2425
19157,0.4122
19158,0.929
19159,0.7698
19160,0.9126
19161,0.7994
19162,1.3206
19163,1.2108
19164,1.1882
19165,0.5277
19166,1.4538
19167,1.2492
19168,1.3057
19169,1.6586
19170,1.3134
19171,0.4018
19172,0.7713
19173,0.3156
19174,0.7942
19175,1.5825
19176,0.302
19177,0.3088
19178,0.3684
19179,0.506
19180,1.3565
19181,1.2813
19182,1.5791
19183,0.1789
19184,1.333
19185,0.8817
19186,0.3474
19187,0.3342
19188,0.2328
19189,0.368
19190,1.2703
19191,1.6997
19192,0.9574
19193,0.6799
19194,0.3846
19195,1.6216
19196,0.3946
19197,2.1156
19198,0.1592
19199,0.3475
19200,0.3191
19201,0.1611
19202,0.2653
19203,0.4006
19204,1.9043
19205,0.3384
19206,0.3043
19207,0.6817
19208,0.381
19209,0.3654
19210,0.2524
19211,0.2587
19212,1.8847
19213,0.6481
19214,0.7645
19215,0.8872
19216,0.7334
19217,1.7173
19218,1.236
19219,0.2563
19220,1.4265
19221,0.2439
19222,0.3274
19223,1.0463
19224,0.1196
19225,1.7311
19226,1.3686
19227,0.4854
19228,1.4658
19229,1.1732
19230,0.3965
19231,2.0855
19232,0.478
19233,0.5505
19234,1.2307
19235,0.3755
19236,0.2892
19237,0.3505
19238,0.2102
19239,1.7498
19240,1.2897
19241,0.2178
19242,1.8254
19243,1.8368
19244,1.9292
19245,0.7719
19246,1.9739
19247,0.5406
19248,0.6598
19249,1.7866
19250,2.4438
19251,0.5598
19252,0.4003
19253,0.9661
19254,1.3715
19255,1.3028
19256,0.932
19257,1.0654
19258,0.3975
19259,1.0432
19260,0.9937
19261,0.9941
19262,0.8916
19263,0.3305
19264,0.3638
19265,1.4941
19266,1.1822
19267,0.9959
19268,0.4497
19269,1.2026
19270,1.6366
19271,0.8457
19272,0.5702
19273,0.3324
19274,0.6282
19275,1.5669
19276,1.3291
19277,0.5227
19278,0.6055
19279,1.9737
19280,0.2544
19281,2.1532
19282,1.4733
19283,0.1455
19284,0.3173
19285,0.3884
19286,1.5703
19287,0.2725
19288,0.5887
19289,0.2923
19290,0.6136
19291,0.6716
19292,0.329
19293,0.8969
19294,1.4138
19295,0.5876
19296,0.908
19297,0.4843
19298,1.4248
19299,1.0936
19300,0.6676
19301,0.4369
19302,1.2716
19303,1.1572
19304,0.2907
19305,0.4304
19306,0.7881
19307,0.1583
19308,2.2887
19309,0.5413
19310,0.4025
19311,2.0895
19312,1.5868
19313,1.713
19314,0.6532
19315,0.9373
19316,1.3366
19317,0.7012
19318,0.5878
19319,0.6325
19320,1.6545
19321,0.2643
19322,0.3306
19323,2.205
19324,0.9677
19325,1.2195
19326,1.2216
19327,2.0023
19328,1.2872
19329,1.5257
19330,0.7426
19331,2.0215
19332,1.1273
19333,0.4642
19334,1.3782
19335,1.3431
19336,1.4396
19337,0.7637
19338,1.2986
19339,0.9617
19340,0.3375
19341,1.5417
19342,1.3685
19343,1.022
19344,1.1556
19345,0.3212
19346,0.5169
19347,0.8183
19348,0.4963
19349,0.6432
19350,0.5739
19351,0.3535
19352,0.401
19353,0.3675
19354,0.7638
19355,0.4999
19356,0.7426
19357,0.4231
19358,0.4379
19359,2.0945
19360,2.1436
19361,1.3597
19362,0.5191
19363,0.7719
19364,1.3212
19365,0.5777
19366,1.1162
19367,0.7056
19368,0.3366
19369,0.7615
19370,0.696
19371,0.9031
19372,1.4338
19373,1.8146
19374,1.7952
19375,0.5264
19376,1.5942
19377,0.4796
19378,0.7016
19379,0.6657
19380,0.4267
19381,1.0553
19382,0.9521
19383,1.2954
19384,0.9611
19385,0.7514
19386,1.4865
19387,0.263
19388,1.8698
19389,1.8499
19390,0.5627
19391,0.4887
19392,1.5567
19393,0.2852
19394,1.547
19395,0.1396
19396,0.2021
19397,1.8579
19398,0.4413
19399,0.659
19400,0.4596
19401,0.2383
19402,0.7473
19403,0.5149
19404,1.1754
19405,2.3931
19406,1.4201
19407,1.2984
19408,1.2728
19409,0.9911
19410,0.5912
19411,0.8045
19412,1.3928
19413,0.119
19414,2.2395
19415,1.7457
19416,1.9327
19417,1.6365
19418,0.233
19419,1.0834
19420,2.0114
19421,0.2449
19422,0.2332
19423,0.1853
19424,1.0551
19425,1.3444
19426,1.0983
19427,0.3819
19428,1.0469
19429,1.323
19430,0.1087
19431,0.997
19432,1.2476
19433,0.4299
19434,0.3082
19435,0.2093
19436,1.2718
19437,0.3471
19438,0.7409
19439,1.4931
19440,0.8367
19441,0.7539
19442,0.5232
19443,0.3024
19444,1.6101
19445,1.4059
19446,1.465
19447,0.7274
19448,1.4048
19449,0.7677
19450,0.5196
19451,1.3951
19452,0.7937
19453,0.8547
19454,0.9127
19455,0.7334
19456,2.4312
19457,0.8407
19458,1.2816
19459,0.4448
19460,1.0469
19461,1.2409
19462,0.2
19463,1.8965
19464,0.5945
19465,1.0952
19466,0.8355
19467,1.5967
19468,0.6183
19469,2.0359
19470,0.1989
19471,0.523
19472,0.197
19473,0.2604
19474,0.4229
19475,0.1316
19476,0.3885
19477,0.2325
19478,0.198
19479,0.243
19480,0.3286
19481,0.462
19482,0.3855
19483,0.3263
19484,0.5699
19485,1.7763
19486,0.4161
19487,0.8478
19488,0.7137
19489,0.6644
19490,1.0638
19491,1.4574
19492,1.808
19493,1.6753
19494,1.9331
19495,1.7896
19496,0.9671
19497,0.8883
19498,0.6113
19499,1.1964
19500,0.6422
19501,0.4773
19502,1.69
19503,2.4493
19504,0.8697
19505,1.7159
19506,0.2802
19507,0.4948
19508,1.1625
19509,1.6051
19510,0.5367
19511,1.2202
19512,0.656
19513,0.9165
19514,0.9507
19515,1.5265
19516,2.0732
19517,1.7598
19518,0.4506
19519,1.6336
19520,1.4867
19521,0.4393
19522,0.1806
19523,0.2112
19524,1.0414
19525,1.2791
19526,1.3726
19527,0.3614
19528,1.0833
19529,0.7025
19530,0.176
19531,0.6
19532,0.6207
19533,1.1338
19534,0.3096
19535,2.3931
19536,0.3523
19537,0.6173
19538,1.3214
19539,1.7499
19540,2.1449
19541,1.7094
19542,1.6737
19543,0.2888
19544,0.3097
19545,1.7371
19546,0.5204
19547,0.3057
19548,1.4577
19549,0.3636
19550,2.1086
19551,0.3728
19552,2.1517
19553,0.2462
19554,0.5899
19555,0.4395
19556,1.6066
19557,0.5176
19558,0.4005
19559,2.069
19560,0.4102
19561,1.2545
19562,1.8856
19563,0.2888
19564,1.7872
19565,2.8053
19566,2.1866
19567,0.2914
19568,2.1991
19569,1.1505
19570,0.6619
19571,0.5116
19572,1.1355
19573,0.9627
19574,0.924
19575,1.3326
19576,1.3551
19577,2.2408
19578,0.3698
19579,3.4746
19580,0.164
19581,0.2091
19582,0.1628
19583,0.3087
19584,2.382
19585,2.3506
19586,0.2962
19587,2.8803
19588,0.5526
19589,1.6885
19590,0.5897
19591,1.4695
19592,0.6972
19593,1.2654
19594,0.4677
19595,0.7518
19596,0.4678
19597,1.631
19598,0.3875
19599,1.4763
19600,0.1512
19601,1.5985
19602,0.8934
19603,1.2869
19604,0.3662
19605,0.2729
19606,1.0336
19607,2.1054
19608,0.5109
19609,1.5684
19610,1.8202
19611,0.4131
19612,1.5481
19613,0.5977
19614,1.8283
19615,1.2342
19616,0.6027
19617,0.5817
19618,0.6118
19619,0.568
19620,0.5863
19621,0.5979
19622,0.9555
19623,0.3091
19624,1.0274
19625,0.9268
19626,1.3474
19627,0.725
19628,0.9308
19629,2.0687
19630,0.8269
19631,0.4592
19632,0.7969
19633,1.3738
19634,1.0518
19635,1.6627
19636,0.2223
19637,0.2219
19638,1.8046
19639,0.2997
19640,0.4017
19641,0.3557
19642,0.5217
19643,1.1832
19644,0.5714
19645,0.5924
19646,0.5418
19647,0.8183
19648,0.927
19649,1.1192
19650,0.4159
19651,0.8661
19652,1.0364
19653,0.343
19654,0.4112
19655,0.7663
19656,0.7322
19657,0.4199
19658,2.5423
19659,0.5183
19660,0.5799
19661,1.1805
19662,0.9839
19663,1.1202
19664,0.5877
19665,0.4208
19666,1.1467
19667,0.6389
19668,0.9749
19669,0.4727
19670,0.9968
19671,0.8338
19672,0.7041
19673,0.4787
19674,0.6204
19675,0.4098
19676,1.0851
19677,1.2057
19678,1.1503
19679,0.3632
19680,1.6334
19681,0.51
19682,0.2488
19683,0.2728
19684,0.7695
19685,0.867
19686,0.3178
19687,0.9357
19688,1.1474
19689,0.5051
19690,0.6034
19691,0.7151
19692,0.3137
19693,0.9169
19694,0.1847
19695,1.0522
19696,0.4553
19697,0.3576
19698,1.2394
19699,0.1876
19700,1.2827
19701,0.8996
19702,0.5972
19703,0.3651
19704,1.029
19705,0.392
19706,0.3904
19707,0.6643
19708,0.4788
19709,0.8357
19710,0.3224
19711,0.2911
19712,0.3728
19713,0.7943
19714,0.581
19715,0.4016
19716,0.7594
19717,0.3173
19718,0.7768
19719,0.4166
19720,1.8532
19721,0.5627
19722,0.4875
19723,1.1146
19724,1.1463
19725,0.4717
19726,1.4695
19727,0.8072
19728,0.9758
19729,0.5209
19730,0.1891
19731,0.1786
19732,0.6599
19733,0.3906
19734,0.6588
19735,0.3698
19736,0.6461
19737,0.365
19738,0.389
19739,0.2947
19740,0.4443
19741,0.7184
19742,0.3516
19743,0.5046
19744,0.2363
19745,0.5351
19746,0.2853
19747,0.3148
19748,0.7221
19749,0.2654
19750,0.214
19751,0.4226
19752,0.4189
19753,0.3428
19754,0.5937
19755,0.8376
19756,1.1181
19757,1.0789
19758,0.6381
19759,0.3629
19760,0.5196
19761,0.3352
19762,0.3278
19763,0.3882
19764,0.565
19765,0.3507
19766,0.1668
19767,0.2681
19768,0.323
19769,0.8833
19770,0.6847
19771,0.294
19772,0.3499
19773,0.631
19774,0.4985
19775,0.4318
19776,0.4347
19777,0.3578
19778,0.4217
19779,0.4448
19780,0.2576
19781,0.3093
19782,0.3742
19783,0.1707
19784,0.2563
19785,0.271
19786,0.3552
19787,0.7426
19788,0.2099
19789,0.359
19790,0.2432
19791,0.3668
19792,0.2324
19793,0.5207
19794,0.119
19795,0.3466
19796,0.3388
19797,0.281
19798,0.2333
19799,0.2461
19800,0.1939
19801,0.2132
19802,0.5853
19803,0.2372
19804,0.4656
19805,0.49
19806,0.3553
19807,0.2033
19808,0.1447
19809,0.2521
19810,0.2769
19811,0.2511
19812,0.1229
19813,0.1541
19814,0.3073
19815,0.545
19816,0.2873
19817,0.2169
19818,0.2597
19819,0.3575
19820,0.275
19821,0.2021
19822,0.1723
19823,0.1835
19824,0.2316
19825,0.2139
19826,0.2449
19827,0.2272
19828,0.3194
19829,0.2166
19830,0.2929
19831,0.2381
19832,0.1821
19833,0.2006
19834,0.1105
19835,0.1041
19836,0.2694
19837,0.2174
19838,0.1248
19839,0.1913
19840,0.2653
